     0.01186      0.03794
      0.0421      0.01626
     0.05723     -0.00542
     0.07235      -0.0271
     0.07991     -0.04878
     0.09503     -0.04878
      0.1026     -0.04878
      0.1177     -0.04878
      0.1253     -0.04878
      0.1404     -0.09214
       0.148     -0.09214
      0.1706     -0.07046
      0.1782     -0.07046
      0.1933     -0.04878
      0.2009      -0.0271
      0.2311     -0.00542
      0.2387     -0.00542
      0.2538      0.03794
      0.2614      0.05962
      0.2765        0.103
      0.2841        0.103
      0.2992        0.103
      0.3067        0.103
      0.3219        0.103
       0.337       0.1247
      0.3521       0.1247
      0.3672        0.103
      0.3824      0.05962
      0.3899      0.03794
      0.3975     -0.00542
       0.405      -0.0271
      0.4202     -0.09214
      0.4277      -0.1138
      0.4429      -0.1355
      0.4504      -0.1355
      0.4655      -0.1138
      0.4731     -0.09214
      0.4882     -0.04878
      0.4958     -0.04878
      0.5185     -0.04878
       0.526     -0.04878
      0.5411     -0.04878
      0.5487     -0.04878
      0.5638     -0.04878
      0.5714     -0.04878
      0.5865      -0.0271
      0.5941      -0.0271
      0.6092      0.03794
      0.6168       0.0813
      0.6319        0.103
      0.6394        0.103
      0.6546      0.05962
      0.6621      0.05962
      0.6773      0.05962
      0.7226      0.03794
      0.7377      0.05962
      0.7453       0.0813
      0.7604        0.103
       0.768        0.103
      0.7831       0.0813
      0.7907      0.05962
      0.8058     -0.00542
      0.8134      -0.0271
      0.8285     -0.07046
       0.836     -0.07046
      0.8512     -0.09214
      0.8587     -0.09214
      0.8738     -0.07046
      0.8814     -0.07046
      0.8965     -0.04878
      0.9041     -0.04878
      0.9192     -0.00542
      0.9646      0.01626
      0.9873      0.01626
      0.9948      0.03794
        1.01      0.03794
       1.018      0.05962
       1.033      0.05962
       1.048      0.05962
        1.07      0.03794
       1.078      0.01626
       1.093      -0.0271
       1.101     -0.04878
       1.116     -0.09214
       1.123     -0.09214
       1.138      -0.1138
       1.146      -0.1138
       1.161     -0.09214
       1.169     -0.07046
       1.184      -0.0271
       1.191     -0.00542
       1.214      0.03794
       1.222      0.03794
       1.237      0.03794
       1.259     -0.00542
       1.275      -0.0271
       1.282      -0.0271
       1.297      -0.0271
       1.305      -0.0271
        1.32      -0.0271
       1.328      -0.0271
       1.343     -0.00542
        1.35     -0.00542
       1.373      0.01626
       1.403      0.01626
       1.426      0.01626
       1.433      0.01626
       1.449     -0.00542
       1.456     -0.00542
       1.471     -0.00542
       1.479     -0.00542
       1.494     -0.00542
       1.501     -0.00542
       1.517      0.01626
       1.524      0.03794
       1.539      0.03794
       1.547      0.03794
       1.562      0.03794
       1.569      0.03794
       1.585      0.03794
       1.592      0.03794
       1.607      0.03794
       1.622      0.05962
       1.683      0.05962
        1.69      0.03794
       1.706      0.01626
       1.721     -0.00542
       1.736      -0.0271
       1.743      -0.0271
       1.759     -0.04878
       1.766     -0.04878
       1.781      -0.0271
       1.789     -0.00542
       1.804      0.01626
       1.819      0.03794
       1.834      0.05962
       1.842      0.05962
       1.872      0.05962
       1.887       0.0813
       1.902      0.05962
        1.91      0.03794
       1.917     -0.00542
       1.925      -0.0271
        1.94     -0.04878
       1.948     -0.04878
       1.963      -0.0271
        1.97      -0.0271
       1.985     -0.00542
       1.993     -0.00542
       2.008     -0.00542
       2.016     -0.00542
       2.031      -0.0271
       2.038      -0.0271
       2.053     -0.00542
       2.069     -0.00542
       2.084     -0.00542
       2.091     -0.00542
       2.144      0.01626
       2.152      0.03794
       2.167      0.03794
       2.182     -0.00542
       2.197     -0.00542
        2.22      -0.0271
       2.235      -0.0271
       2.258      -0.0271
       2.273     -0.00542
        2.28     -0.00542
       2.295     -0.00542
       2.303     -0.00542
       2.326      -0.0271
       2.333      -0.0271
       2.348      -0.0271
       2.356      -0.0271
       2.371      -0.0271
       2.379      -0.0271
       2.394     -0.00542
       2.401     -0.00542
       2.416     -0.00542
       2.424     -0.00542
       2.439      0.01626
       2.447      0.03794
       2.469      0.03794
       2.477      0.01626
       2.507     -0.00542
       2.515     -0.00542
       2.537      0.01626
       2.552      0.03794
       2.568      0.05962
       2.575      0.05962
        2.59      0.03794
       2.605      0.01626
       2.636      0.03794
       2.643      0.03794
       2.658       0.0813
       2.673       0.0813
       2.689      0.05962
       2.696      0.03794
       2.734      0.03794
       2.741      0.03794
       2.757      0.03794
       2.764      0.03794
       2.779      0.03794
       2.787      0.01626
        2.81      -0.0271
       2.817      -0.0271
       2.832      -0.0271
        2.84      -0.0271
        2.87      -0.0271
       2.878      -0.0271
       2.893      -0.0271
         2.9     -0.04878
       2.915     -0.09214
       2.923     -0.09214
       2.938     -0.07046
       2.946     -0.07046
       2.961     -0.07046
       2.968     -0.07046
       2.983     -0.04878
       2.999      -0.0271
       3.021     -0.00542
       3.029     -0.00542
       3.044      0.01626
       3.051     -0.00542
       3.074      -0.0271
       3.082     -0.00542
       3.112     -0.00542
        3.12     -0.00542
       3.135      -0.0271
       3.142      -0.0271
       3.157      -0.0271
       3.165      -0.0271
        3.18      -0.0271
       3.188     -0.00542
       3.218      0.01626
       3.233      0.03794
       3.248      0.03794
       3.256     -0.00542
       3.271      -0.0271
       3.286     -0.00542
       3.301      0.01626
       3.309      0.01626
       3.331     -0.00542
       3.339      -0.0271
       3.354      -0.0271
       3.362      -0.0271
       3.377      -0.0271
       3.384     -0.00542
       3.399      0.01626
       3.407      0.03794
       3.422       0.0813
        3.43       0.0813
       3.445        0.103
       3.452        0.103
       3.475       0.1247
       3.482       0.1247
       3.498       0.1247
       3.505       0.1247
       3.513        0.103
       3.528      0.03794
       3.535      0.01626
       3.551      -0.0271
       3.558     -0.04878
       3.573     -0.04878
       3.611     -0.04878
       3.626      -0.0271
       3.634      -0.0271
       3.687     -0.00542
       3.694     -0.00542
       3.717      0.01626
       3.724      0.01626
        3.74      0.03794
       3.747      0.03794
       3.762       0.0813
        3.77       0.0813
       3.785       0.0813
       3.793       0.0813
       3.808      0.05962
       3.823       0.0813
       3.838      0.05962
       3.845      0.03794
       3.861     -0.00542
       3.868     -0.00542
       3.883      -0.0271
       3.891      -0.0271
       3.906      -0.0271
       3.913      -0.0271
       3.929     -0.04878
       3.944      -0.0271
       3.959     -0.00542
       3.966     -0.00542
       3.982      0.01626
       3.989      0.01626
       4.012      0.03794
       4.019      0.03794
       4.034      0.03794
       4.042      0.01626
        4.05     -0.00542
       4.065     -0.07046
       4.072     -0.09214
       4.095     -0.07046
       4.103     -0.04878
       4.118     -0.00542
       4.133      0.01626
       4.178      0.01626
       4.193     -0.00542
       4.208     -0.00542
       4.216     -0.00542
       4.246      -0.0271
       4.254      -0.0271
       4.269      -0.0271
       4.276      -0.0271
       4.292      -0.0271
       4.299      -0.0271
       4.314      -0.0271
       4.322     -0.04878
       4.337     -0.07046
       4.344     -0.09214
       4.367     -0.07046
       4.375     -0.07046
        4.39     -0.04878
       4.397      -0.0271
       4.413      0.03794
        4.42      0.05962
       4.435       0.0813
       4.443      0.05962
       4.458      0.03794
       4.473      0.01626
       4.503      0.01626
       4.518      0.03794
       4.534      0.05962
       4.541      0.05962
       4.556       0.0813
       4.579       0.0813
       4.594      0.05962
       4.602      0.03794
       4.617     -0.00542
       4.624      -0.0271
       4.639      -0.0271
       4.647      -0.0271
        4.67      0.01626
       4.677      0.01626
       4.692      0.03794
         4.7      0.03794
       4.715      0.03794
       4.723      0.01626
       4.738     -0.00542
       4.745      -0.0271
       4.768     -0.00542
       4.775     -0.00542
       4.791     -0.00542
       4.836     -0.00542
       4.866     -0.00542
       4.874     -0.00542
       4.889      -0.0271
       4.896      -0.0271
       4.912     -0.04878
       4.919     -0.04878
       4.934     -0.04878
       4.942     -0.04878
       4.957      -0.0271
       4.965      -0.0271
        4.98     -0.04878
       4.987     -0.04878
       5.002      -0.0271
        5.01     -0.00542
       5.033      0.03794
        5.04      0.03794
       5.055      0.03794
        5.07      0.03794
       5.085      0.05962
       5.093       0.0813
       5.108       0.0813
       5.116      0.05962
       5.131      0.03794
       5.138      0.03794
       5.154      0.03794
       5.161      0.03794
       5.176      0.01626
       5.184     -0.00542
       5.199      -0.0271
       5.206      -0.0271
       5.222     -0.00542
       5.244      0.01626
       5.305      0.03794
       5.312      0.03794
       5.327      0.03794
       5.335      0.03794
        5.35      0.05962
       5.358      0.05962
       5.373      0.05962
        5.38      0.05962
       5.395      0.03794
       5.403      0.01626
       5.418      -0.0271
       5.426     -0.04878
       5.441     -0.07046
       5.448     -0.07046
       5.471     -0.09214
       5.479     -0.09214
       5.494     -0.09214
       5.501     -0.09214
       5.524     -0.07046
       5.532     -0.07046
       5.547     -0.07046
       5.554     -0.07046
       5.585     -0.04878
       5.592     -0.04878
       5.607      -0.0271
       5.615      -0.0271
        5.63     -0.00542
       5.645      0.03794
       5.668       0.0813
       5.675       0.0813
        5.69       0.0813
       5.698       0.0813
       5.713       0.0813
       5.736       0.0813
       5.751        0.103
       5.758        0.103
       5.774        0.103
       5.781       0.0813
       5.789      0.05962
       5.811     -0.00542
       5.819     -0.00542
       5.834      -0.0271
       5.842      -0.0271
       5.857     -0.00542
       5.864     -0.00542
       5.879      0.03794
       5.887      0.03794
       5.902       0.0813
        5.91        0.103
       5.925       0.0813
       5.932       0.0813
       5.947      0.05962
       5.955      0.05962
       5.978      0.03794
       5.985      0.03794
           6      0.03794
       6.031      0.03794
       6.046      0.03794
       6.053      0.03794
       6.068      0.01626
       6.076      0.01626
       6.091     -0.00542
       6.099      -0.0271
       6.114     -0.07046
       6.121     -0.09214
       6.137     -0.09214
       6.144     -0.07046
       6.167     -0.04878
       6.174     -0.04878
       6.189     -0.04878
       6.197     -0.07046
       6.212     -0.09214
        6.22     -0.09214
       6.235     -0.09214
       6.242     -0.09214
       6.265     -0.09214
       6.273     -0.09214
       6.295     -0.07046
       6.303     -0.07046
       6.318     -0.07046
       6.326     -0.07046
       6.341      -0.0271
       6.348      -0.0271
       6.363     -0.00542
       6.371     -0.00542
       6.386      0.01626
       6.401      0.03794
       6.416      0.03794
       6.424      0.01626
       6.439      0.01626
       6.477      0.03794
       6.492      0.03794
       6.499      0.03794
       6.515      0.01626
        6.53     -0.00542
       6.552      0.01626
        6.59      0.03794
        6.62      0.05962
       6.628      0.05962
       6.651      0.03794
       6.658      0.03794
       6.673      0.05962
       6.681      0.05962
       6.719      0.05962
       6.726      0.05962
       6.757      0.03794
       6.764      0.03794
       6.779      0.03794
       6.787      0.03794
       6.802      0.03794
       6.817      0.01626
       6.847      0.01626
         6.9     -0.00542
       6.915     -0.04878
       6.923     -0.04878
       6.938     -0.07046
       6.946     -0.07046
       6.961     -0.04878
       6.968      -0.0271
       6.983     -0.00542
       6.991     -0.00542
       7.006      -0.0271
       7.014     -0.04878
       7.029     -0.04878
       7.044     -0.04878
       7.074     -0.07046
       7.082     -0.07046
       7.097     -0.04878
       7.104     -0.04878
       7.119      -0.0271
       7.127     -0.00542
       7.142      0.03794
        7.15      0.03794
       7.165      0.03794
       7.172      0.03794
       7.188      0.03794
       7.195      0.03794
       7.218      0.05962
       7.233      0.03794
       7.248      0.03794
       7.256      0.03794
       7.271      0.05962
       7.278      0.05962
       7.293      0.05962
       7.301      0.05962
       7.331     -0.00542
       7.339     -0.00542
       7.354     -0.00542
       7.361     -0.00542
       7.377     -0.04878
       7.392      -0.0271
       7.407     -0.00542
       7.414     -0.00542
       7.429      -0.0271
       7.437      -0.0271
       7.452      -0.0271
       7.467     -0.00542
        7.49      0.01626
       7.505      0.03794
        7.52      0.05962
       7.535      0.03794
        7.55     -0.00542
       7.558     -0.00542
       7.573      -0.0271
       7.588     -0.00542
       7.603     -0.00542
       7.611     -0.00542
       7.626      0.01626
       7.641      0.03794
       7.664       0.0813
       7.671       0.0813
       7.687       0.0813
       7.694       0.0813
       7.717      0.05962
       7.724      0.05962
       7.739      0.05962
       7.747      0.05962
       7.762      0.03794
        7.77      0.03794
       7.792      0.01626
         7.8     -0.00542
        7.83      -0.0271
       7.838      -0.0271
       7.853     -0.04878
       7.868      -0.0271
       7.883      -0.0271
       7.891      -0.0271
       7.906     -0.04878
       7.913     -0.07046
       7.929     -0.07046
       7.936     -0.07046
       7.951     -0.07046
       7.959     -0.07046
       7.981     -0.09214
       7.989     -0.09214
       8.004     -0.09214
       8.012     -0.09214
       8.027     -0.09214
       8.034     -0.09214
        8.05     -0.09214
       8.065     -0.07046
        8.08     -0.04878
       8.087     -0.04878
       8.102     -0.04878
        8.11     -0.04878
       8.125     -0.00542
       8.133      0.03794
       8.148      0.05962
       8.155      0.05962
        8.17      0.05962
       8.178      0.05962
       8.208      0.03794
       8.216      0.05962
       8.231        0.103
       8.239        0.103
       8.254       0.1247
       8.261       0.1247
       8.276        0.103
       8.284       0.0813
       8.299       0.0813
       8.314      0.05962
       8.329      0.05962
       8.337      0.05962
       8.352      0.05962
        8.36      0.05962
       8.375      0.03794
       8.382      0.03794
       8.397      0.03794
       8.405      0.03794
        8.42      0.01626
       8.428     -0.00542
       8.443     -0.04878
        8.45     -0.04878
       8.465     -0.04878
       8.473     -0.04878
       8.503     -0.04878
       8.511     -0.04878
       8.526     -0.04878
       8.541      -0.0271
       8.564     -0.00542
       8.571     -0.00542
       8.586     -0.00542
       8.617     -0.00542
       8.639     -0.00542
       8.647     -0.00542
        8.67      0.03794
       8.677      0.03794
       8.707      0.03794
       8.715      0.03794
        8.73      0.03794
       8.738      0.01626
       8.753     -0.00542
        8.76      -0.0271
       8.775      -0.0271
       8.783      -0.0271
       8.798     -0.00542
       8.806     -0.00542
       8.821      0.01626
       8.828      0.01626
       8.843     -0.00542
       8.851     -0.00542
       8.874     -0.00542
       8.881     -0.00542
       8.896     -0.00542
       8.904     -0.00542
       8.919     -0.00542
       8.964      0.01626
