     0.02372      0.05962
     0.05396       0.1165
     0.06152       0.1545
     0.07664       0.2114
     0.09177       0.1734
     0.09933       0.1734
      0.1145       0.1165
       0.122      0.09756
      0.1371       0.1165
      0.1523      0.09756
      0.1598      0.09756
      0.1749      0.07859
      0.1825      0.05962
      0.1901      0.00271
      0.1976     -0.03523
      0.2127     -0.09214
      0.2203      -0.1301
      0.2354      -0.1491
       0.243       -0.168
      0.2581       -0.206
      0.2657       -0.206
      0.2808       -0.187
      0.2884      -0.1491
      0.2959      -0.1111
      0.3262      -0.1301
      0.3489       -0.168
      0.3564       -0.187
      0.3715       -0.206
      0.4018       -0.206
      0.4169       -0.168
      0.4245       -0.168
      0.4396      -0.1301
      0.4471      -0.1111
      0.4623      -0.0542
      0.4698     -0.03523
       0.485      0.04065
      0.4925      0.09756
      0.5001       0.1734
      0.5152       0.1924
      0.5228       0.1734
      0.5454       0.1355
       0.553       0.1165
      0.5681      0.09756
      0.5757      0.05962
      0.5833      0.00271
      0.6059     -0.01626
      0.6135     -0.01626
      0.6211      0.00271
      0.6362      0.05962
      0.6437       0.1165
      0.6513       0.1545
      0.6589       0.1924
      0.6664       0.2304
       0.674       0.2493
      0.6891       0.2114
      0.6967       0.1924
      0.6967       0.1545
      0.6967       0.1165
      0.7042      0.09756
      0.7118      0.02168
      0.7194      0.00271
      0.7269     -0.03523
      0.7345     -0.07317
      0.7496     -0.07317
      0.7572     -0.09214
      0.7723      -0.1491
      0.7798       -0.187
      0.7874      -0.2249
       0.795      -0.2629
      0.8025      -0.2629
      0.8252      -0.2439
      0.8328      -0.2249
      0.8403       -0.168
      0.8479      -0.1111
      0.8555     -0.07317
      0.8555      -0.1111
       0.863     -0.01626
      0.8706      0.05962
      0.8857       0.1355
      0.8933       0.1734
      0.9084       0.1924
      0.9159       0.1734
      0.9235       0.1355
      0.9311      0.05962
      0.9386     -0.01626
      0.9386      -0.0542
      0.9462     -0.07317
      0.9538      -0.1491
      0.9613       -0.168
      0.9689      -0.2249
      0.9764      -0.2439
      0.9991      -0.2818
       1.007      -0.2629
       1.022      -0.2439
       1.029      -0.2439
       1.044       -0.206
       1.052       -0.206
        1.06       -0.168
       1.075      -0.1301
       1.082     -0.09214
        1.09     -0.03523
       1.097      0.00271
       1.113      0.05962
       1.128       0.1165
       1.135       0.1355
        1.15       0.1545
       1.158       0.1734
       1.173       0.1734
       1.188       0.2304
       1.203       0.2683
       1.211       0.2683
       1.234       0.2873
       1.241       0.2873
       1.256       0.2873
       1.264       0.3062
       1.286       0.3062
       1.294       0.3062
       1.309       0.3062
       1.317       0.3062
       1.332       0.2304
       1.339       0.1924
       1.347       0.1545
       1.362       0.1165
        1.37      0.09756
         1.4      0.07859
       1.407      0.07859
       1.423      0.07859
       1.445      0.05962
        1.46      0.05962
       1.475      0.05962
       1.498     -0.01626
       1.513      -0.0542
       1.521      -0.0542
       1.536     -0.03523
       1.551     -0.03523
       1.566      -0.0542
       1.574      -0.0542
       1.589     -0.07317
       1.596     -0.09214
       1.619      -0.1111
       1.627      -0.1111
       1.642     -0.09214
       1.657      -0.1111
       1.665      -0.1111
        1.68      -0.1301
       1.695      -0.1301
        1.71      -0.1111
       1.717      -0.1111
        1.74      -0.0542
       1.748     -0.03523
       1.763     -0.01626
        1.77     -0.01626
       1.785     -0.01626
       1.793     -0.03523
       1.808      -0.0542
       1.816      -0.0542
       1.823      -0.0542
       1.838     -0.03523
       1.846     -0.03523
       1.854     -0.07317
       1.861     -0.09214
       1.876     -0.07317
       1.891     -0.01626
       1.899      0.05962
       1.914      0.07859
       1.922      0.09756
       1.944      0.09756
       1.952      0.09756
       1.967       0.1355
       1.975       0.1355
        1.99       0.1545
       1.997       0.1165
       2.012      0.05962
        2.02      0.04065
       2.035      0.02168
        2.05      0.04065
       2.065      0.05962
       2.073      0.05962
        2.08      0.07859
       2.088      0.09756
       2.096       0.1355
       2.103       0.1734
       2.111       0.2304
       2.118       0.2873
       2.126       0.3631
       2.141       0.3821
       2.156       0.3442
       2.164       0.3062
       2.171       0.2683
       2.179       0.2304
       2.186       0.1734
       2.194       0.1355
       2.201      0.07859
       2.216     -0.01626
       2.224      -0.0542
       2.232     -0.07317
       2.239      -0.1491
       2.247       -0.168
       2.262      -0.2439
       2.277      -0.3008
       2.292      -0.2629
         2.3       -0.187
         2.3      -0.2439
       2.307      -0.1491
       2.315     -0.09214
       2.322      -0.0542
        2.33      0.00271
        2.36     -0.01626
       2.368     -0.07317
       2.375      -0.1301
       2.383       -0.187
        2.39      -0.2249
       2.398      -0.2818
       2.413      -0.3198
       2.428      -0.3388
       2.436      -0.3198
       2.443      -0.3008
       2.451      -0.2439
       2.458      -0.2249
       2.474      -0.1491
       2.481      -0.1111
       2.489     -0.07317
       2.496     -0.03523
       2.511     -0.01626
       2.519     -0.01626
       2.534     -0.03523
       2.542      -0.0542
       2.557     -0.01626
       2.564      0.00271
       2.579      0.00271
       2.595     -0.01626
        2.61      0.00271
       2.625      0.00271
       2.632      0.02168
       2.647      0.07859
       2.663      0.09756
        2.67      0.09756
       2.678       0.1165
       2.685       0.1545
       2.693       0.1924
         2.7       0.2304
       2.708       0.2304
       2.723       0.2493
       2.731       0.2683
       2.746       0.3062
       2.761       0.2493
       2.768       0.2114
       2.776       0.1734
       2.784       0.1545
       2.791      0.09756
       2.799      0.04065
       2.806     -0.01626
       2.814      -0.0542
       2.821     -0.09214
       2.844     -0.09214
       2.852      -0.0542
       2.867     -0.01626
       2.882      0.04065
       2.905      0.04065
        2.92      0.00271
       2.927      0.00271
       2.957      0.05962
       2.965      0.07859
        2.98      0.07859
       2.988      0.05962
       2.995      0.05962
        3.01      0.02168
       3.018      0.00271
       3.041      0.04065
       3.063      0.09756
       3.071       0.1165
       3.078       0.1545
       3.094       0.1924
       3.101       0.1924
       3.124       0.2304
       3.131       0.1924
       3.147       0.1545
       3.154       0.1165
       3.162      0.07859
       3.169      0.05962
       3.184      0.02168
       3.192      0.05962
       3.207      0.09756
       3.215       0.1355
       3.222       0.1734
       3.237       0.1924
       3.245       0.2304
       3.252       0.2683
        3.26       0.3062
       3.283       0.2873
        3.29       0.2493
        3.29       0.1924
       3.305       0.1355
       3.313      0.09756
       3.336      0.05962
       3.343      0.04065
       3.343      0.00271
       3.343     -0.03523
       3.351      -0.1111
       3.351      -0.2249
       3.358      -0.2249
       3.358      -0.3577
       3.358      -0.5285
       3.366      -0.5285
       3.366      -0.6802
       3.366       -0.832
       3.373       -0.832
       3.373      -0.9268
       3.373       -1.022
       3.381       -1.022
       3.396      -0.8889
       3.396      -0.9458
       3.396       -1.003
       3.404      -0.7751
       3.404       -0.832
       3.404      -0.8889
       3.411      -0.6612
       3.411      -0.7182
       3.411      -0.7751
       3.419      -0.5285
       3.419      -0.5854
       3.419      -0.6612
       3.426      -0.4336
       3.426      -0.4715
       3.426      -0.5285
       3.434      -0.3388
       3.434      -0.3767
       3.434      -0.4336
       3.441      -0.2439
       3.441      -0.2818
       3.441      -0.3388
       3.449       -0.168
       3.449      -0.2249
       3.457     -0.09214
       3.457      -0.1491
       3.464     -0.03523
       3.464     -0.07317
       3.472     -0.01626
       3.479      0.02168
       3.487      0.04065
       3.509      0.05962
       3.517      0.04065
       3.525      0.02168
        3.54     -0.03523
       3.547     -0.07317
       3.555      -0.1111
       3.562      -0.1301
       3.578      -0.1491
       3.585      -0.1491
       3.593     -0.07317
       3.593      -0.1301
         3.6      0.00271
         3.6     -0.03523
         3.6     -0.07317
       3.608      0.05962
       3.608      0.00271
       3.623      0.09756
       3.638       0.1165
       3.646       0.1355
       3.661       0.1545
       3.668       0.1165
       3.676      0.09756
       3.691      0.02168
       3.699     -0.01626
       3.714     -0.01626
       3.721     -0.01626
       3.736     -0.01626
       3.751     -0.01626
       3.767      0.04065
       3.774      0.09756
       3.782       0.1355
       3.789       0.1545
       3.804       0.1924
       3.812       0.2114
       3.835       0.2304
        3.85       0.2304
       3.857       0.2304
       3.872       0.2493
        3.88       0.2683
       3.895       0.2873
        3.91       0.2304
       3.925       0.1924
       3.933       0.1734
        3.94       0.1355
       3.956      0.09756
       3.971      0.05962
       3.986      0.02168
       3.993      0.00271
       4.009      0.00271
       4.024      0.00271
       4.031      0.00271
       4.046     -0.01626
       4.054     -0.03523
       4.077      -0.0542
       4.084     -0.03523
       4.092      0.00271
       4.114      0.04065
       4.122      0.07859
       4.129       0.1165
       4.137       0.1545
       4.152       0.1734
       4.167       0.1545
       4.175       0.1355
        4.19      0.09756
       4.198      0.05962
       4.205      0.00271
       4.213     -0.03523
        4.22     -0.07317
       4.228      -0.1111
       4.235      -0.1301
        4.25       -0.187
       4.266      -0.2249
       4.273       -0.206
       4.288       -0.206
       4.311      -0.2439
       4.334      -0.2249
       4.349      -0.2249
       4.356      -0.2249
       4.371       -0.187
       4.379      -0.1491
       4.387      -0.1111
       4.402     -0.09214
       4.409     -0.09214
       4.417      -0.0542
       4.447      0.02168
       4.455      0.04065
        4.47      0.05962
       4.485       0.1165
       4.508       0.1355
       4.523       0.1165
        4.53       0.1165
       4.545       0.1545
       4.553       0.1924
        4.56       0.1924
       4.568       0.2114
       4.583       0.1924
       4.591       0.1924
       4.606       0.1734
       4.613       0.1545
       4.629      0.09756
       4.636      0.09756
       4.644       0.1165
       4.659       0.1545
       4.666       0.1734
       4.681       0.1734
       4.697       0.1734
       4.712       0.1545
       4.719       0.1355
       4.734       0.1355
       4.742       0.1545
       4.757       0.1924
       4.765       0.1924
        4.78       0.2304
       4.795       0.2304
       4.802       0.2304
       4.818       0.2114
       4.825       0.1924
        4.84       0.1734
       4.848       0.1355
       4.855      0.09756
       4.863      0.05962
       4.878      0.00271
       4.886     -0.03523
       4.893     -0.07317
       4.901     -0.09214
       4.908      -0.1301
       4.916      -0.1491
       4.954       -0.168
       4.961      -0.1301
       4.976      -0.1111
       4.984     -0.09214
       4.999      -0.0542
       5.014     -0.03523
       5.037     -0.03523
       5.044     -0.01626
        5.06     -0.07317
       5.067      -0.1111
       5.075      -0.1491
       5.082       -0.206
        5.09      -0.2249
        5.09      -0.2629
        5.09      -0.3008
       5.097      -0.3008
       5.105      -0.3577
       5.112      -0.3767
       5.128      -0.3577
       5.135      -0.3388
       5.143      -0.3008
        5.15      -0.2249
        5.15      -0.2818
       5.158       -0.187
       5.165      -0.1301
       5.173     -0.09214
       5.181      -0.0542
       5.196     -0.03523
       5.211     -0.01626
       5.218     -0.01626
       5.233      0.00271
       5.241     -0.01626
       5.264      0.04065
       5.271      0.07859
       5.286      0.09756
       5.294      0.09756
       5.317      0.02168
       5.324      0.04065
       5.339      0.04065
       5.347      0.05962
       5.354      0.09756
        5.37       0.1355
       5.385       0.1355
         5.4      0.09756
       5.407      0.07859
       5.422      0.07859
       5.445      0.04065
       5.453      0.07859
        5.46       0.1355
        5.46      0.09756
       5.468       0.1734
       5.475       0.2114
       5.483       0.2493
       5.498       0.2683
       5.521       0.2114
       5.536       0.1545
       5.543       0.1165
       5.551      0.07859
       5.566      0.00271
       5.574     -0.01626
       5.581     -0.03523
       5.589     -0.07317
       5.596      -0.1301
       5.612       -0.187
       5.627       -0.168
       5.642      -0.1491
       5.649      -0.1301
       5.664      -0.1111
       5.672     -0.09214
       5.695      -0.0542
       5.702     -0.03523
       5.717     -0.01626
       5.732     -0.01626
       5.748     -0.01626
       5.763      -0.0542
       5.778      -0.1111
       5.793      -0.1111
       5.808      -0.1301
       5.816      -0.1301
       5.823      -0.1491
       5.831       -0.187
       5.838       -0.206
       5.861      -0.2249
       5.869       -0.187
       5.884       -0.168
       5.891      -0.1491
       5.899      -0.1111
       5.906     -0.07317
       5.922     -0.03523
       5.929      0.00271
       5.944      0.04065
       5.952      0.04065
       5.967      0.05962
       5.974      0.09756
        5.99       0.1545
       5.997       0.1734
       6.012       0.1924
        6.02       0.1924
       6.035       0.2114
       6.043       0.2114
        6.05       0.2493
       6.073       0.2683
        6.08       0.2683
       6.095       0.3062
       6.111       0.3631
       6.118       0.4011
       6.133       0.4011
       6.141       0.3821
       6.156       0.3631
       6.163       0.3442
       6.179       0.2873
       6.186       0.2493
       6.194       0.1924
       6.201       0.1734
       6.209       0.1165
       6.216      0.07859
       6.224      0.05962
       6.232     -0.01626
       6.239      -0.0542
       6.247     -0.09214
       6.254     -0.09214
       6.262      -0.0542
       6.269     -0.01626
       6.284      0.05962
       6.292      0.07859
         6.3       0.1165
       6.307       0.1545
       6.315       0.1734
       6.322       0.2114
        6.33       0.2493
       6.337       0.2873
       6.345       0.2873
       6.353       0.2873
        6.36       0.2493
       6.368       0.1734
       6.368       0.1355
       6.375      0.09756
       6.375      0.05962
       6.383      0.05962
       6.383      0.00271
        6.39     -0.01626
       6.398     -0.07317
       6.405      -0.1111
       6.413      -0.1491
       6.421       -0.168
       6.428       -0.206
       6.436      -0.2629
       6.443      -0.3008
       6.451      -0.3008
       6.473      -0.3198
       6.481      -0.3198
       6.504      -0.3198
       6.511      -0.3198
       6.519      -0.2818
       6.542      -0.2629
       6.549      -0.2629
       6.557      -0.3008
       6.564      -0.3008
       6.579      -0.3198
       6.587      -0.3198
       6.617      -0.3008
        6.64      -0.2818
       6.647      -0.2629
       6.678       -0.168
       6.693      -0.1111
         6.7     -0.09214
       6.715     -0.07317
       6.738     -0.03523
       6.746     -0.01626
       6.761      0.00271
       6.776      0.05962
       6.784      0.09756
       6.791       0.1355
       6.799       0.1734
       6.806       0.1924
       6.821       0.2114
       6.829       0.2304
       6.844       0.2114
       6.852       0.2114
       6.867       0.1734
       6.874       0.1734
       6.912       0.1734
        6.92       0.1545
       6.935      0.09756
       6.942      0.09756
       6.957       0.1165
       6.965       0.1355
        6.98       0.1924
       6.988       0.2114
       6.995       0.2493
        7.01       0.2683
       7.025       0.3062
       7.041       0.2873
       7.048       0.2493
       7.056       0.2114
       7.063       0.1734
       7.078       0.1165
       7.094      0.05962
       7.101      0.05962
       7.116      0.02168
       7.124      0.00271
       7.139      0.00271
       7.146      0.00271
       7.154      0.05962
       7.169      0.09756
       7.192      0.09756
       7.207      0.09756
       7.215      0.09756
        7.23      0.05962
       7.237      0.02168
       7.245     -0.01626
       7.252     -0.03523
       7.267      -0.0542
       7.275      -0.0542
       7.283     -0.07317
       7.298      -0.1491
       7.305       -0.168
        7.32       -0.187
       7.328       -0.206
       7.335      -0.2249
       7.358      -0.2818
       7.366      -0.2818
       7.381      -0.2439
       7.396       -0.187
       7.404      -0.1301
       7.411     -0.07317
       7.419      -0.0542
       7.434      0.04065
       7.434      0.00271
       7.441      0.05962
       7.449      0.07859
       7.464      0.09756
       7.472      0.09756
       7.487      0.05962
       7.494      0.04065
       7.509      0.02168
       7.517      0.00271
       7.525      0.04065
       7.532      0.05962
       7.547       0.1165
       7.562       0.1924
        7.57       0.2114
       7.593       0.2114
         7.6       0.2114
       7.615       0.2114
        7.63       0.1734
       7.638       0.1165
       7.653      0.07859
       7.661      0.04065
       7.691      0.04065
       7.698      0.04065
       7.706      0.05962
       7.714      0.09756
       7.721       0.1355
       7.729       0.2304
       7.729       0.1545
       7.736       0.2873
       7.736       0.2304
       7.744       0.3631
       7.744       0.3062
       7.751       0.3821
       7.759       0.4201
       7.766       0.4201
       7.782       0.4011
       7.789       0.3631
       7.804       0.3062
       7.804       0.2493
       7.812       0.1924
       7.812       0.1355
       7.819      0.09756
       7.819      0.04065
       7.827      0.04065
       7.827      0.00271
       7.827     -0.03523
       7.835     -0.07317
       7.835      -0.1301
       7.842      -0.1491
        7.85       -0.206
       7.857      -0.2439
       7.857      -0.2818
       7.865      -0.3198
       7.872      -0.3577
        7.88      -0.4146
       7.903      -0.4336
        7.91      -0.4146
       7.918      -0.3577
       7.925      -0.3388
       7.933      -0.3008
        7.94      -0.2629
       7.956      -0.2439
       7.971      -0.2629
       7.986      -0.2818
       7.993      -0.2818
       8.008      -0.2629
       8.016      -0.2249
       8.031       -0.168
       8.046       -0.168
       8.061      -0.1301
       8.076     -0.09214
       8.084     -0.07317
       8.099     -0.07317
       8.107     -0.07317
       8.122      -0.0542
        8.16     -0.03523
        8.19      -0.0542
       8.197     -0.03523
       8.205     -0.03523
        8.22     -0.03523
       8.228     -0.01626
       8.243      0.05962
        8.25      0.09756
       8.258       0.1355
       8.266       0.2493
       8.266       0.2114
       8.266       0.1734
       8.273       0.2683
       8.288       0.2873
       8.303       0.2304
       8.311       0.2114
       8.334       0.1734
       8.341       0.1734
       8.349       0.1355
       8.356       0.1165
       8.364      0.07859
       8.371      0.05962
       8.379      0.05962
       8.394      0.07859
       8.402      0.09756
       8.409       0.1165
       8.447       0.1165
       8.455       0.1165
        8.47       0.1545
       8.477       0.1924
       8.485       0.2114
       8.492       0.2493
       8.507       0.2873
       8.515       0.3062
        8.53       0.3252
       8.538       0.3062
       8.545       0.3062
        8.56       0.2493
       8.568       0.2114
       8.576       0.1734
       8.583       0.1355
       8.591      0.09756
       8.598      0.07859
       8.606      0.02168
       8.621     -0.01626
       8.636     -0.03523
       8.651      -0.0542
       8.666      -0.0542
       8.681     -0.01626
       8.689     -0.03523
       8.704     -0.03523
       8.719     -0.01626
       8.727      0.00271
       8.734      0.04065
       8.742      0.09756
       8.749       0.1355
       8.765       0.1545
       8.772       0.1355
       8.787       0.1165
       8.802      0.07859
       8.802      0.04065
        8.81     -0.01626
        8.81      -0.0542
       8.817     -0.09214
       8.817      -0.1301
       8.833       -0.168
       8.833       -0.206
       8.848      -0.2629
       8.855      -0.2818
       8.863      -0.3008
       8.878      -0.3577
       8.886      -0.3767
       8.901      -0.4146
       8.908      -0.4146
       8.916      -0.3767
       8.923      -0.3388
       8.931      -0.3008
       8.946       -0.206
       8.954       -0.168
       8.961      -0.1301
       8.969     -0.07317
       8.976     -0.01626
