     0.02372       0.0813
     0.03884      0.05962
     0.05396      0.05962
     0.06908      0.05962
     0.07664      0.05962
     0.09177      0.05962
     0.09933      0.05962
      0.1296      0.05962
      0.1371      0.05962
      0.1447       0.0813
      0.1598       0.0813
      0.1674       0.0813
      0.1825      0.05962
      0.1901      0.03794
      0.2052     -0.00542
      0.2052     -0.03794
      0.2127     -0.09214
      0.2203     -0.09214
      0.2203      -0.1355
      0.2279      -0.1897
       0.243      -0.1897
      0.2506      -0.1355
      0.2581     -0.09214
      0.2657     -0.05962
      0.2732     -0.03794
      0.2808     -0.03794
      0.2884      -0.0813
      0.3035      -0.1138
       0.311      -0.0813
      0.3262     -0.03794
      0.3337     -0.01626
      0.3489     -0.01626
      0.3564     -0.01626
      0.3867     -0.03794
      0.3942     -0.03794
      0.4093     -0.03794
      0.4169     -0.01626
       0.432     -0.00542
      0.4471     -0.00542
      0.4698      0.01626
      0.4774      0.03794
      0.5076     -0.00542
      0.5152     -0.00542
       0.553     -0.00542
      0.5606     -0.00542
      0.5757      0.03794
      0.5984      0.03794
      0.6059       0.0813
      0.6211      0.09214
      0.6286      0.05962
      0.6362     -0.00542
      0.6437     -0.01626
      0.6589     -0.00542
      0.6664      0.03794
       0.674      0.05962
      0.6891       0.0813
      0.6967       0.0813
      0.7118      0.09214
      0.7194       0.1138
      0.7345      0.09214
       0.742      0.09214
      0.7572       0.0813
      0.7647       0.0813
      0.7798      0.05962
      0.7874      0.03794
       0.795     -0.00542
      0.8025     -0.00542
      0.8177     -0.05962
      0.8252     -0.05962
      0.8479     -0.01626
      0.8555     -0.00542
       0.863      0.01626
      0.8781     -0.00542
      0.8857     -0.03794
      0.9008     -0.09214
      0.9084      -0.0813
      0.9311     -0.03794
      0.9386     -0.00542
      0.9538     -0.00542
      0.9613     -0.00542
      0.9764     -0.00542
       0.984     -0.00542
      0.9991     -0.00542
       1.014      0.01626
       1.029      0.03794
       1.044      0.01626
       1.067     -0.01626
       1.075     -0.01626
       1.097     -0.01626
       1.105     -0.03794
        1.12     -0.05962
       1.128     -0.05962
       1.135     -0.05962
        1.15     -0.05962
       1.158     -0.01626
       1.173      0.01626
       1.181      0.05962
       1.188       0.1138
       1.196       0.1572
       1.211       0.1572
       1.218       0.1355
       1.218      0.09214
       1.218      0.05962
       1.226      0.03794
       1.234     -0.01626
       1.249     -0.03794
       1.264     -0.01626
       1.271     -0.00542
       1.294      0.03794
       1.302      0.05962
       1.317       0.0813
       1.332       0.1138
       1.347       0.1138
       1.355      0.09214
        1.37       0.0813
       1.385      0.03794
         1.4     -0.00542
       1.407     -0.03794
       1.415     -0.03794
        1.43     -0.05962
       1.453     -0.05962
       1.468     -0.03794
       1.483     -0.05962
       1.498     -0.05962
       1.521      0.01626
       1.528      0.05962
       1.536       0.0813
       1.551      0.01626
       1.551     -0.01626
       1.559     -0.03794
       1.566     -0.09214
       1.574      -0.1138
       1.589      -0.0813
       1.604     -0.03794
       1.612     -0.00542
       1.627      0.05962
       1.649      0.09214
       1.657      0.09214
       1.672      0.09214
       1.687       0.0813
       1.695      0.05962
        1.71      0.03794
       1.717      0.01626
       1.733     -0.00542
        1.74     -0.03794
       1.755     -0.03794
        1.77     -0.03794
       1.785     -0.03794
       1.793     -0.03794
       1.808     -0.03794
       1.816     -0.03794
       1.823     -0.00542
       1.831     -0.00542
       1.854     -0.00542
       1.869      0.01626
       1.884      0.05962
       1.891       0.0813
       1.899       0.1138
       1.914       0.1355
       1.922       0.1355
       1.922      0.09214
       1.929       0.0813
       1.929      0.03794
       1.937      0.03794
       1.937     -0.00542
       1.952     -0.05962
       1.959     -0.05962
       1.975     -0.01626
       1.997      0.03794
       2.012       0.0813
        2.02      0.09214
       2.035       0.1138
       2.058       0.0813
       2.073      0.03794
       2.088     -0.01626
       2.096     -0.01626
       2.126     -0.03794
       2.133     -0.03794
       2.148     -0.03794
       2.164      0.01626
       2.179      0.05962
       2.194       0.0813
       2.209      0.05962
       2.224     -0.00542
       2.232     -0.00542
       2.247     -0.05962
       2.254     -0.05962
       2.277      -0.0813
       2.285      -0.0813
       2.292     -0.03794
         2.3     -0.03794
       2.315      0.01626
       2.322      0.05962
        2.33       0.0813
       2.337      0.05962
       2.345     -0.00542
       2.353     -0.03794
       2.368     -0.01626
       2.383     -0.00542
       2.398     -0.00542
       2.406     -0.01626
       2.421     -0.05962
       2.451     -0.05962
       2.466      -0.0813
       2.474      -0.0813
       2.489      -0.0813
       2.496      -0.0813
       2.511     -0.03794
       2.519     -0.00542
       2.534      0.03794
       2.549      0.09214
       2.557      0.09214
       2.572       0.0813
       2.579      0.05962
       2.587      0.05962
       2.602      0.05962
       2.617      0.05962
       2.632      0.03794
        2.64      0.03794
       2.655      0.05962
       2.663       0.0813
       2.685      0.09214
       2.693       0.1138
         2.7       0.1572
       2.716       0.1572
       2.723       0.1355
       2.723      0.09214
       2.723      0.05962
       2.731     -0.00542
       2.738     -0.00542
       2.753     -0.03794
       2.768     -0.00542
       2.776      0.03794
       2.784      0.05962
       2.799      0.09214
       2.806      0.09214
       2.821      0.09214
       2.844      0.05962
       2.852      0.05962
       2.874     -0.00542
       2.882     -0.03794
       2.897     -0.03794
       2.912     -0.03794
        2.92     -0.03794
       2.927     -0.01626
       2.942     -0.01626
        2.95     -0.01626
       2.965     -0.01626
       2.973     -0.01626
       2.988     -0.03794
       2.995     -0.03794
       3.018      0.01626
       3.033      0.01626
       3.041     -0.01626
       3.048     -0.09214
       3.056      -0.1138
       3.071      -0.1355
       3.078     -0.09214
       3.094      -0.0813
       3.101     -0.05962
       3.116     -0.01626
       3.131      0.01626
       3.147      0.01626
       3.162     -0.00542
       3.184     -0.01626
       3.192     -0.00542
       3.207     -0.00542
       3.222      0.01626
       3.252      0.03794
        3.26      0.03794
       3.268      0.05962
       3.283      0.03794
       3.305      0.05962
       3.313       0.1355
        3.32        0.168
       3.328       0.2114
       3.336        0.168
       3.336       0.1138
       3.343       0.1355
       3.343       0.0813
       3.358     -0.00542
       3.366      0.01626
       3.381      0.05962
       3.388      0.05962
       3.404      0.05962
       3.419      0.03794
       3.426      0.03794
       3.457      0.01626
       3.479      0.03794
       3.502      0.03794
       3.509      0.03794
       3.517     -0.00542
       3.525     -0.00542
        3.54     -0.00542
       3.555     -0.01626
       3.562     -0.01626
       3.578     -0.03794
       3.585     -0.01626
       3.615     -0.01626
        3.63     -0.03794
       3.653     -0.03794
       3.668     -0.03794
       3.676     -0.01626
       3.691      0.03794
       3.699      0.03794
       3.699     -0.00542
       3.706     -0.00542
       3.706     -0.05962
       3.714     -0.05962
       3.729      -0.1355
       3.736      -0.1138
       3.751     -0.05962
       3.759     -0.01626
       3.797      0.03794
       3.804      0.01626
       3.819     -0.00542
       3.835     -0.01626
        3.85     -0.01626
        3.88     -0.01626
       3.895     -0.00542
       3.903     -0.00542
       3.948     -0.00542
       3.971     -0.01626
       3.986     -0.01626
       3.993      0.01626
       4.001      0.05962
       4.009      0.05962
       4.016      0.09214
       4.031        0.168
       4.039        0.168
       4.046       0.1355
       4.061      0.05962
       4.069      0.03794
       4.092      0.01626
       4.107      0.05962
       4.122       0.0813
       4.129      0.05962
       4.145       0.0813
        4.16       0.0813
        4.19      0.05962
       4.205      0.05962
       4.213      0.03794
       4.243     -0.01626
        4.25     -0.01626
       4.273     -0.03794
       4.281     -0.03794
       4.288     -0.01626
       4.311     -0.00542
       4.319      0.03794
       4.326       0.0813
       4.341      0.05962
       4.349     -0.01626
       4.364     -0.03794
       4.379     -0.01626
       4.402     -0.00542
       4.409     -0.00542
       4.424     -0.01626
       4.432     -0.01626
       4.447     -0.01626
       4.462     -0.01626
        4.47     -0.00542
       4.485     -0.00542
         4.5      0.01626
       4.523     -0.00542
        4.53     -0.01626
       4.545      -0.0813
       4.553      -0.0813
       4.568      -0.0813
       4.583      -0.0813
       4.598     -0.03794
       4.621     -0.03794
       4.629     -0.05962
       4.644     -0.05962
       4.651     -0.00542
       4.659      0.01626
       4.674      0.05962
       4.681      0.05962
       4.704       0.0813
       4.719      0.05962
       4.727      0.03794
        4.75      0.01626
       4.765      0.03794
       4.772      0.05962
       4.787       0.0813
        4.81       0.0813
       4.825      0.05962
       4.833      0.03794
       4.855     -0.00542
       4.871     -0.01626
       4.886     -0.03794
       4.901     -0.00542
       4.908      0.01626
       4.916      0.05962
       4.923      0.09214
       4.931       0.1355
       4.939      0.09214
       4.946      0.05962
       4.954     -0.01626
       4.961     -0.05962
       4.976      -0.0813
       4.984     -0.05962
       5.007     -0.03794
       5.014     -0.03794
       5.029     -0.01626
       5.037      0.01626
       5.052      0.05962
        5.06       0.0813
       5.075       0.0813
       5.082       0.0813
       5.097      0.05962
       5.105      0.05962
        5.12      0.03794
       5.128      0.03794
       5.135     -0.00542
        5.15     -0.03794
       5.165      -0.0813
       5.181     -0.03794
       5.188     -0.00542
       5.196      0.03794
       5.218      0.09214
       5.226       0.1138
       5.241      0.05962
       5.249     -0.00542
       5.249     -0.03794
       5.256      -0.0813
       5.279      -0.1138
       5.286      -0.1138
       5.301      -0.0813
       5.309     -0.05962
       5.324     -0.03794
       5.332     -0.03794
       5.339     -0.01626
       5.354      0.03794
        5.37       0.0813
       5.385      0.09214
       5.392       0.1138
       5.407       0.1138
       5.415       0.0813
       5.453      0.05962
        5.46      0.05962
       5.475       0.0813
       5.483      0.09214
       5.498      0.05962
       5.506     -0.01626
       5.513     -0.03794
       5.513      -0.0813
       5.521      -0.1138
       5.536     -0.09214
       5.543     -0.01626
       5.566     -0.00542
       5.574     -0.03794
       5.589     -0.05962
       5.596     -0.05962
       5.612     -0.05962
       5.619     -0.03794
       5.642     -0.01626
       5.649     -0.00542
       5.657     -0.00542
       5.672      0.01626
       5.687      0.03794
       5.702       0.0813
       5.717      0.05962
       5.732      0.05962
       5.748      0.03794
       5.755      0.01626
       5.778      0.01626
       5.785      0.03794
       5.801      0.03794
       5.808      0.05962
       5.823       0.0813
       5.831      0.09214
       5.846       0.1355
       5.853       0.1138
       5.861       0.0813
       5.869      0.01626
       5.869     -0.01626
       5.876     -0.03794
       5.891      -0.0813
       5.899      -0.0813
       5.914      -0.0813
       5.922     -0.05962
       5.937     -0.01626
       5.944     -0.00542
       5.959      0.01626
       5.967      0.01626
       5.982     -0.01626
       5.997      -0.0813
       6.012      -0.1355
       6.027      -0.1138
       6.043     -0.09214
       6.058     -0.05962
       6.073     -0.01626
        6.08     -0.00542
       6.095      0.03794
       6.103      0.05962
       6.111       0.0813
       6.126       0.0813
       6.133      0.05962
       6.148      0.03794
       6.156      0.03794
       6.171     -0.00542
       6.179     -0.00542
       6.194     -0.01626
       6.209     -0.01626
       6.224      0.01626
       6.232      0.03794
       6.247      0.05962
       6.254      0.05962
       6.269      0.09214
       6.277      0.09214
       6.292       0.0813
         6.3       0.0813
       6.315      0.05962
       6.322      0.05962
       6.337      0.03794
        6.36      0.03794
        6.39      0.05962
       6.398       0.0813
       6.421      0.09214
       6.436      0.05962
       6.443      0.01626
       6.458     -0.03794
       6.473     -0.03794
       6.489      0.01626
       6.496      0.09214
       6.504       0.1572
       6.504       0.1138
       6.511       0.1897
       6.519       0.1355
       6.526       0.1138
       6.534      0.03794
       6.542     -0.00542
       6.564     -0.01626
       6.572     -0.01626
       6.594      -0.0813
       6.602      -0.0813
       6.617     -0.09214
       6.625     -0.09214
       6.647     -0.09214
       6.655      -0.0813
       6.678      -0.0813
       6.685      -0.0813
         6.7     -0.09214
       6.708     -0.09214
       6.723     -0.09214
       6.731     -0.09214
       6.746     -0.09214
       6.761     -0.09214
       6.768     -0.09214
       6.791      -0.0813
       6.799     -0.05962
       6.814     -0.03794
       6.821     -0.01626
       6.844     -0.00542
       6.852     -0.00542
       6.897       0.0813
       6.904       0.1138
       6.912       0.1572
        6.92       0.1355
       6.927      0.09214
       6.935       0.0813
        6.95      0.03794
       6.957       0.0813
       6.973       0.1138
        6.98       0.1355
       6.995       0.1572
       7.003        0.168
       7.018        0.168
       7.041       0.1355
       7.048      0.09214
       7.056      0.09214
       7.063      0.09214
       7.078       0.0813
       7.139      0.05962
       7.154      0.03794
       7.162     -0.00542
       7.169     -0.00542
       7.184     -0.05962
       7.192     -0.05962
       7.207      -0.0813
       7.215     -0.05962
        7.23      0.03794
       7.237      0.03794
       7.245      0.01626
        7.26      -0.0813
       7.275      -0.1138
       7.283     -0.09214
       7.298      -0.0813
       7.305     -0.05962
        7.32     -0.01626
       7.358     -0.01626
       7.366     -0.01626
       7.381     -0.01626
       7.396     -0.03794
       7.404     -0.03794
       7.419     -0.03794
       7.434     -0.05962
       7.441     -0.05962
       7.464      -0.0813
       7.472     -0.05962
       7.487     -0.01626
       7.517      0.05962
       7.525      0.05962
        7.54       0.0813
       7.555      0.05962
       7.562      0.03794
        7.57     -0.00542
       7.577     -0.01626
         7.6     -0.01626
       7.608     -0.00542
       7.623       0.0813
       7.638      0.09214
       7.645       0.0813
       7.653      0.03794
       7.661     -0.00542
       7.683      0.05962
       7.706      0.09214
       7.729      0.05962
       7.744      0.03794
       7.759      0.01626
       7.797     -0.00542
       7.804      0.01626
       7.819      0.05962
       7.827      0.05962
       7.842       0.0813
       7.857      0.05962
       7.865      0.05962
       7.887     -0.01626
       7.895     -0.01626
        7.91     -0.03794
       7.918     -0.03794
       7.925     -0.01626
        7.94     -0.00542
       7.948     -0.00542
       7.963      0.03794
       7.971      0.03794
       7.993      0.01626
       8.001      0.01626
       8.016     -0.01626
       8.024     -0.01626
       8.039     -0.01626
       8.054     -0.01626
       8.061     -0.01626
       8.076     -0.00542
       8.084     -0.00542
       8.099     -0.01626
       8.107     -0.05962
       8.122      -0.0813
       8.129      -0.0813
       8.145      -0.1138
       8.152      -0.1138
        8.16      -0.1138
       8.175     -0.09214
       8.182     -0.05962
        8.19     -0.01626
       8.197      0.05962
       8.197      0.01626
       8.197     -0.01626
       8.205       0.0813
       8.213       0.1572
       8.228       0.1355
       8.235       0.0813
       8.243      0.05962
        8.25     -0.00542
       8.266      0.01626
       8.288      0.03794
       8.296      0.05962
       8.311       0.0813
       8.326       0.0813
       8.334      0.09214
       8.349      0.09214
       8.356      0.09214
       8.364      0.05962
       8.371      0.05962
       8.402     -0.00542
       8.417     -0.00542
       8.439     -0.01626
       8.447     -0.01626
       8.462     -0.00542
        8.47      0.03794
       8.492      0.03794
       8.507      0.01626
       8.523     -0.00542
        8.53     -0.00542
       8.545      0.01626
       8.553      0.05962
       8.568      0.03794
       8.576     -0.00542
       8.576     -0.03794
       8.583     -0.05962
       8.591      -0.0813
       8.606      -0.0813
       8.613     -0.05962
       8.628     -0.01626
       8.636     -0.00542
       8.659      0.03794
       8.666      0.03794
       8.689      0.01626
       8.697     -0.00542
       8.712     -0.01626
       8.727     -0.03794
       8.742     -0.03794
       8.749     -0.03794
       8.765     -0.03794
       8.772     -0.03794
       8.787     -0.05962
       8.795     -0.05962
        8.81     -0.05962
       8.817      -0.0813
       8.833     -0.05962
        8.84     -0.01626
       8.855      0.01626
       8.863     -0.01626
        8.87     -0.05962
       8.878      -0.0813
       8.886     -0.03794
       8.901     -0.00542
       8.908      0.05962
       8.923       0.0813
       8.931      0.09214
       8.946      0.09214
       8.976       0.0813
