     0.01198       0.2715
     0.03468       0.1828
     0.04224       0.1385
     0.04981       0.1163
     0.06494      0.07202
      0.0725       0.0277
     0.08763       0.0277
      0.1028      0.04986
      0.1103       0.0277
      0.1255       0.0277
       0.133      0.04986
      0.1481      0.09418
      0.1557       0.1163
      0.1633       0.1607
      0.1708       0.1828
       0.186       0.1828
      0.1935       0.1828
      0.2011       0.1828
      0.2087       0.1385
      0.2162      0.04986
      0.2238     -0.06094
      0.2314      -0.1274
      0.2389      -0.1939
      0.2465      -0.2604
      0.2541      -0.3047
      0.2616       -0.349
      0.2767      -0.3269
      0.2843      -0.2604
      0.2919      -0.1939
      0.2994      -0.1496
       0.307      -0.0831
      0.3146     -0.06094
      0.3297     -0.03878
      0.3373     -0.03878
      0.3448     -0.03878
        0.36     -0.06094
      0.3675     -0.03878
      0.3826     -0.01662
      0.3902     -0.01662
      0.3978     -0.01662
      0.4129      -0.0831
      0.4205      -0.1274
       0.428      -0.1717
      0.4356      -0.2161
      0.4507      -0.2382
      0.4659      -0.2382
      0.4734      -0.2382
      0.4886      -0.1939
      0.4961      -0.1496
      0.5112      -0.1053
      0.5188      -0.0831
      0.5264     -0.06094
      0.5415     -0.06094
      0.5491      -0.0831
      0.5642     -0.06094
      0.5718     -0.03878
      0.5793      0.00554
      0.5869      0.04986
      0.5945      0.09418
       0.602       0.1163
      0.6172       0.1385
      0.6247       0.1385
      0.6323       0.1385
      0.6474      0.09418
       0.655      0.04986
      0.6701       0.0277
      0.6777       0.0277
      0.6852      0.04986
      0.7004      0.07202
      0.7079      0.07202
      0.7231       0.1163
      0.7382       0.1163
      0.7457      0.09418
      0.7533      0.04986
      0.7609      0.00554
      0.7684     -0.06094
       0.776      -0.1053
      0.7836      -0.1496
      0.7911      -0.1717
      0.8063      -0.1939
      0.8138      -0.1939
       0.829      -0.2382
      0.8365      -0.2604
      0.8517      -0.2604
      0.8592      -0.2382
      0.8668      -0.1717
      0.8743      -0.1274
      0.8819      -0.0831
       0.897      -0.0831
      0.9046     -0.06094
      0.9122     -0.01662
      0.9197       0.0277
      0.9273      0.09418
      0.9424       0.1163
        0.95       0.1385
      0.9576       0.1607
      0.9727       0.1607
      0.9803       0.1607
      0.9878       0.1607
       1.003       0.1385
       1.011       0.1607
       1.026       0.1828
       1.033        0.205
       1.048       0.1385
       1.056      0.09418
       1.063      0.04986
       1.071      0.00554
       1.079     -0.03878
       1.094      -0.0831
       1.101      -0.1053
       1.116      -0.1274
       1.124      -0.1053
       1.139     -0.03878
       1.147      0.00554
       1.154      0.04986
       1.162       0.1163
       1.169       0.1385
       1.184       0.1385
       1.192      0.07202
         1.2      0.00554
       1.207      -0.1053
       1.215      -0.1939
       1.222      -0.2604
        1.23      -0.2825
       1.245      -0.3269
       1.253      -0.3269
        1.26      -0.3047
       1.275      -0.3047
       1.283      -0.2825
       1.298      -0.2382
       1.306      -0.1939
       1.313      -0.1496
       1.328      -0.0831
       1.336     -0.03878
       1.343      0.00554
       1.351       0.0277
       1.366      0.07202
       1.374      0.09418
       1.381       0.1163
       1.389       0.1607
       1.396       0.2271
       1.411       0.2493
       1.419       0.2493
       1.434        0.205
       1.442       0.1828
       1.457       0.1163
       1.464      0.07202
       1.472       0.0277
        1.48     -0.01662
       1.487      -0.0831
       1.495      -0.1053
        1.51      -0.1053
       1.517     -0.03878
       1.525      0.00554
       1.532      0.04986
        1.54      0.09418
       1.548       0.1163
       1.563      0.09418
        1.57      0.04986
       1.585      0.00554
       1.593     -0.01662
       1.608      0.00554
       1.623      0.04986
       1.631      0.07202
       1.646      0.04986
       1.654      0.00554
       1.669     -0.03878
       1.676     -0.06094
       1.691     -0.06094
       1.706      -0.1053
       1.714      -0.1496
       1.722      -0.1939
       1.729      -0.2382
       1.744      -0.2161
       1.752      -0.1496
       1.759      -0.0831
       1.767     -0.01662
       1.782      0.00554
        1.79      0.00554
       1.805      0.04986
        1.82       0.0277
       1.827     -0.01662
       1.843     -0.06094
        1.85     -0.06094
       1.865     -0.01662
       1.873      0.00554
       1.888       0.0277
       1.896       0.0277
       1.903       0.0277
       1.918      0.00554
       1.926     -0.03878
       1.933      -0.0831
       1.941      -0.1274
       1.949      -0.1939
       1.956      -0.2604
       1.964      -0.3047
       1.971      -0.3269
       1.979      -0.2825
       1.986      -0.2161
       1.994      -0.1496
       2.001      -0.0831
       2.009     -0.03878
       2.017      0.00554
       2.032       0.0277
       2.039      0.04986
       2.054       0.1385
       2.062       0.1607
       2.077       0.1607
       2.085       0.1385
       2.092       0.1385
         2.1      0.09418
       2.107      0.04986
       2.115     -0.01662
       2.123     -0.03878
       2.138      -0.1053
       2.145      -0.1274
        2.16      -0.1496
       2.168      -0.1496
       2.175      -0.1053
       2.191     -0.06094
       2.206      0.00554
       2.213      0.04986
       2.228      0.09418
       2.236       0.1385
       2.244       0.1607
       2.259        0.205
       2.266       0.1607
       2.274      0.07202
       2.281     -0.01662
       2.289      -0.1053
       2.296      -0.1717
       2.304      -0.1939
       2.319      -0.2161
       2.327      -0.2161
       2.342      -0.2161
       2.349      -0.1939
       2.357      -0.1717
       2.372      -0.1274
        2.38      -0.0831
       2.387     -0.03878
       2.395       0.0277
       2.402      0.07202
       2.418       0.1163
       2.425       0.1163
       2.433      0.07202
        2.44       0.0277
       2.448     -0.01662
       2.455      -0.0831
       2.463      -0.1496
        2.47      -0.1939
       2.478      -0.2382
       2.486      -0.2825
       2.493      -0.2604
       2.508      -0.1939
       2.516      -0.1496
       2.523      -0.0831
       2.531     -0.01662
       2.539      0.07202
       2.546       0.1607
       2.554       0.2493
       2.561       0.3158
       2.569       0.3601
       2.576       0.4044
       2.592       0.3823
       2.599       0.3601
       2.607       0.3158
       2.614       0.2271
       2.622       0.1163
       2.629      0.00554
       2.637      -0.1053
       2.644      -0.1717
       2.652      -0.2161
        2.66      -0.2604
       2.675      -0.2825
        2.69      -0.2825
       2.697      -0.2382
       2.705      -0.1939
       2.713      -0.1274
       2.728      -0.0831
       2.735     -0.06094
       2.743     -0.03878
        2.75      0.00554
       2.758      0.07202
       2.765       0.1607
       2.773        0.205
       2.781       0.2493
       2.788       0.2493
       2.796       0.2271
       2.803       0.1828
       2.811       0.1163
       2.818       0.0277
       2.826     -0.01662
       2.834      -0.0831
       2.841      -0.1496
       2.849      -0.1939
       2.864      -0.2604
       2.871      -0.2604
       2.887      -0.2161
       2.902      -0.1717
       2.909      -0.1496
       2.917      -0.1274
       2.924      -0.0831
       2.932     -0.01662
       2.939       0.0277
       2.947      0.07202
       2.962       0.1163
        2.97       0.1163
       2.977       0.1163
       2.992      0.04986
           3       0.0277
       3.015      0.04986
       3.023      0.07202
       3.038      0.07202
       3.045      0.00554
       3.061     -0.03878
       3.068     -0.06094
       3.083     -0.06094
       3.091     -0.03878
       3.106      0.00554
       3.121     -0.01662
       3.129     -0.01662
       3.136      0.00554
       3.144       0.0277
       3.151      0.07202
       3.159       0.1385
       3.174       0.1828
       3.182       0.1828
       3.189        0.205
       3.204       0.1607
       3.212       0.1385
       3.219      0.09418
       3.227      0.04986
       3.235      0.00554
       3.242     -0.06094
        3.25      -0.1274
       3.257      -0.1717
       3.265      -0.2161
        3.28      -0.2825
       3.287      -0.3047
       3.303      -0.2825
       3.318      -0.2382
       3.325      -0.2161
        3.34      -0.1717
       3.348      -0.1496
       3.363      -0.1274
       3.371      -0.1053
       3.386      -0.0831
       3.393      -0.0831
       3.408     -0.06094
       3.416     -0.03878
       3.431       0.0277
       3.446       0.0277
       3.461     -0.01662
       3.477     -0.03878
       3.484     -0.01662
       3.507     -0.01662
       3.514     -0.01662
        3.53     -0.01662
       3.545     -0.06094
       3.552      -0.1053
        3.56      -0.1496
       3.567      -0.1717
       3.582      -0.1274
        3.59     -0.06094
       3.598     -0.01662
       3.605       0.0277
        3.62      0.00554
       3.628     -0.01662
       3.643     -0.01662
       3.651     -0.01662
       3.658     -0.03878
       3.673      -0.1053
       3.681      -0.1053
       3.696      -0.0831
       3.704      -0.0831
       3.719      -0.0831
       3.726     -0.06094
       3.734     -0.03878
       3.749      0.04986
       3.756      0.09418
       3.772       0.1385
       3.779       0.1828
       3.787        0.205
       3.802       0.2493
       3.809       0.2271
       3.825       0.2271
       3.832       0.2271
        3.84       0.2493
       3.855       0.2271
       3.862       0.1607
        3.87       0.1163
       3.877      0.04986
       3.885     -0.01662
       3.893     -0.06094
         3.9      -0.0831
       3.915      -0.0831
       3.923     -0.06094
       3.938     -0.06094
       3.946     -0.06094
       3.961     -0.06094
       3.976      -0.0831
       3.983      -0.0831
       3.991      -0.1274
       3.999      -0.1717
       4.006      -0.2161
       4.021      -0.2161
       4.029      -0.1939
       4.036      -0.1496
       4.044      -0.0831
       4.051     -0.01662
       4.059      0.04986
       4.067       0.1163
       4.074       0.1607
       4.089       0.1828
       4.097       0.1828
       4.112       0.1607
        4.12       0.1607
       4.127       0.1828
       4.142       0.1607
        4.15       0.1607
       4.165      0.09418
       4.173       0.0277
        4.18     -0.01662
       4.188      -0.0831
       4.195      -0.1496
       4.203      -0.1717
       4.218      -0.2382
       4.225      -0.2382
       4.241      -0.2382
       4.248      -0.2382
       4.263      -0.2382
       4.271      -0.2382
       4.286      -0.2382
       4.301      -0.2825
       4.309      -0.2825
       4.316      -0.2604
       4.331      -0.2604
       4.339      -0.2604
       4.354      -0.2825
       4.362      -0.2604
       4.369      -0.2161
       4.377      -0.1717
       4.392      -0.1053
       4.399      -0.1053
       4.407     -0.06094
       4.415     -0.03878
       4.422       0.0277
        4.43      0.09418
       4.437       0.1828
       4.445       0.2493
       4.452       0.2936
       4.468       0.2936
       4.475       0.2715
       4.483        0.205
        4.49       0.1607
       4.498      0.09418
       4.505       0.0277
        4.52      0.00554
       4.528       0.0277
       4.543      0.09418
       4.558       0.1607
       4.566       0.1828
       4.581       0.1828
       4.589       0.1828
       4.596       0.1828
       4.604       0.1385
       4.611      0.07202
       4.619       0.0277
       4.626     -0.01662
       4.634     -0.06094
       4.649      -0.1053
       4.657      -0.1496
       4.664      -0.1496
       4.679      -0.1274
       4.687      -0.1053
       4.702     -0.01662
        4.71       0.0277
       4.725      0.09418
       4.732      0.07202
        4.74       0.0277
       4.747     -0.01662
       4.755     -0.03878
        4.77      -0.0831
       4.778      -0.1053
       4.793      -0.1496
         4.8      -0.1717
       4.816      -0.1717
       4.823      -0.1496
       4.838      -0.1053
       4.846      -0.0831
       4.853     -0.03878
       4.861     -0.01662
       4.876      0.00554
       4.884      0.00554
       4.891      0.00554
       4.906     -0.01662
       4.914     -0.03878
       4.929     -0.03878
       4.937     -0.03878
       4.952     -0.03878
       4.959     -0.03878
       4.974     -0.06094
       4.989      -0.0831
       4.997     -0.06094
       5.005     -0.03878
        5.02       0.0277
       5.027       0.0277
       5.042      0.04986
       5.058      0.07202
       5.065      0.09418
        5.08      0.09418
       5.088      0.09418
       5.095      0.09418
       5.111      0.04986
       5.118      0.00554
       5.133     -0.06094
       5.141     -0.03878
       5.148     -0.01662
       5.156       0.0277
       5.163      0.09418
       5.171       0.1385
       5.179       0.1607
       5.186       0.1385
       5.194      0.09418
       5.201      0.04986
       5.209       0.0277
       5.224     -0.03878
       5.232      -0.0831
       5.239      -0.1274
       5.254      -0.1717
       5.262      -0.1939
       5.277      -0.2161
       5.285      -0.2161
         5.3      -0.2382
       5.307      -0.2161
       5.322      -0.1496
        5.33      -0.1274
       5.345      -0.1496
       5.353      -0.1496
       5.368      -0.1496
       5.375      -0.1496
        5.39      -0.1496
       5.406      -0.1274
       5.413      -0.0831
       5.421     -0.01662
       5.428      0.04986
       5.436      0.09418
       5.451       0.1385
       5.458       0.1163
       5.474       0.1385
       5.489       0.1385
       5.496       0.1163
       5.504      0.07202
       5.519       0.0277
       5.527      0.00554
       5.542     -0.01662
       5.549     -0.03878
       5.557     -0.03878
       5.572     -0.01662
        5.58      0.00554
       5.587      0.04986
       5.595      0.09418
       5.602       0.1607
        5.61        0.205
       5.617       0.2493
       5.625       0.2493
        5.64        0.205
       5.648       0.1607
       5.655       0.1385
        5.67      0.09418
       5.678      0.04986
       5.693      0.00554
       5.701     -0.01662
       5.716     -0.06094
       5.723     -0.06094
       5.738      -0.1053
       5.746      -0.1053
       5.754      -0.0831
       5.761     -0.03878
       5.769      0.00554
       5.784       0.0277
       5.791       0.0277
       5.806     -0.03878
       5.814      -0.1053
       5.822      -0.1496
       5.829      -0.1939
       5.837      -0.2161
       5.844      -0.2604
       5.852      -0.3047
       5.859      -0.3269
       5.875      -0.3269
       5.882      -0.3047
        5.89      -0.2604
       5.897      -0.1939
       5.905      -0.1274
       5.912     -0.06094
        5.92      0.04986
       5.927       0.1163
       5.935        0.205
       5.943       0.2715
        5.95       0.3158
       5.965       0.3601
       5.973        0.338
        5.98       0.2715
       5.988       0.2271
       5.996       0.1607
       6.003      0.07202
       6.011     -0.01662
       6.018      -0.1053
       6.026      -0.1939
       6.033      -0.2382
       6.049      -0.2604
       6.056      -0.2604
       6.071      -0.2604
       6.079      -0.2382
       6.094      -0.1939
       6.109      -0.1496
       6.117      -0.1496
       6.132      -0.1496
       6.139      -0.1496
       6.147      -0.1053
       6.162     -0.06094
        6.17     -0.03878
       6.185      0.00554
       6.192      0.00554
       6.207      0.04986
       6.215      0.07202
        6.23      0.07202
       6.238      0.07202
       6.253      0.07202
        6.26      0.07202
       6.275      0.00554
       6.283     -0.03878
       6.291     -0.06094
       6.306      -0.1053
       6.313      -0.1274
       6.328      -0.1496
       6.344      -0.1053
       6.351      -0.0831
       6.366      -0.0831
       6.374      -0.1053
       6.381      -0.1496
       6.389      -0.1939
       6.404      -0.2161
       6.412      -0.1939
       6.419      -0.1496
       6.434      -0.1053
       6.442      -0.0831
       6.457     -0.06094
       6.465     -0.06094
       6.472     -0.03878
       6.487      0.00554
       6.495       0.0277
       6.502      0.07202
        6.51       0.1163
       6.525       0.1607
       6.533       0.1607
        6.54       0.1607
       6.555       0.1385
       6.563       0.1385
       6.578       0.1385
       6.586       0.1385
       6.593       0.1385
       6.601      0.09418
       6.608      0.04986
       6.616      0.00554
       6.623     -0.01662
       6.631     -0.06094
       6.639      -0.0831
       6.654     -0.06094
       6.669     -0.06094
       6.676     -0.06094
       6.692      -0.1053
       6.699      -0.1053
       6.714      -0.0831
       6.722     -0.06094
       6.737     -0.01662
       6.752       0.0277
        6.76       0.0277
       6.767       0.0277
       6.782     -0.01662
        6.79     -0.03878
       6.805     -0.03878
       6.813     -0.03878
        6.82     -0.03878
       6.835      -0.0831
       6.843     -0.06094
        6.85     -0.01662
       6.858       0.0277
       6.866      0.07202
       6.873       0.1163
       6.888       0.1607
       6.896       0.1607
       6.903       0.1828
       6.918       0.1607
       6.926       0.1607
       6.941      0.09418
       6.949       0.0277
       6.956     -0.01662
       6.964     -0.06094
       6.971      -0.0831
       6.987     -0.06094
       6.994     -0.06094
       7.002     -0.03878
       7.017      -0.1053
       7.024      -0.1717
       7.032      -0.2161
       7.039      -0.2825
       7.055      -0.3047
       7.062      -0.2604
        7.07      -0.2161
       7.077      -0.1717
       7.092      -0.1053
         7.1      -0.0831
       7.115     -0.06094
       7.123     -0.03878
       7.138     -0.01662
       7.145      0.00554
       7.161       0.0277
       7.168       0.0277
       7.176       0.0277
       7.191      0.00554
       7.198      0.00554
       7.206      0.00554
       7.221      0.00554
       7.229      0.00554
       7.244      0.04986
       7.259      0.04986
       7.266       0.0277
       7.282      0.00554
       7.297      0.00554
       7.304       0.0277
       7.312      0.04986
       7.319      0.09418
       7.327       0.1385
       7.335       0.1828
       7.342        0.205
       7.357       0.1607
       7.365       0.1163
       7.372      0.04986
        7.38     -0.01662
       7.395     -0.03878
       7.403     -0.01662
       7.418     -0.01662
       7.425     -0.01662
        7.44     -0.01662
       7.448     -0.06094
       7.463      -0.1053
       7.471      -0.1496
       7.478      -0.1496
       7.493      -0.1274
       7.509     -0.03878
       7.516      0.00554
       7.524       0.0277
       7.539      0.07202
       7.546      0.07202
       7.561      0.04986
       7.569      0.04986
       7.577      0.04986
       7.592       0.0277
       7.599     -0.01662
       7.607     -0.06094
       7.614      -0.1053
        7.63      -0.1496
       7.637      -0.1274
       7.652      -0.1053
        7.66      -0.1053
       7.667      -0.1496
       7.675      -0.1717
        7.69      -0.1717
       7.698      -0.1274
       7.705      -0.0831
        7.72     -0.03878
       7.728     -0.03878
       7.743     -0.03878
       7.751     -0.01662
       7.766     -0.01662
       7.773     -0.01662
       7.781      0.00554
       7.796      0.00554
       7.804       0.0277
       7.819      0.04986
       7.826      0.07202
       7.841       0.1163
       7.849       0.1385
       7.864       0.1385
       7.872       0.1163
       7.879       0.1163
       7.894      0.07202
       7.902      0.04986
       7.909      0.07202
       7.925       0.1163
       7.932       0.1385
       7.947       0.1385
       7.955       0.1163
       7.962      0.07202
        7.97       0.0277
       7.978      0.00554
       7.985     -0.03878
           8      -0.1053
       8.008      -0.1496
       8.023      -0.1939
        8.03      -0.1939
       8.046      -0.1717
       8.053      -0.1274
       8.061      -0.1053
       8.068     -0.06094
       8.076      0.00554
       8.083      0.07202
       8.091       0.1163
       8.106       0.1385
       8.114      0.09418
       8.121       0.0277
       8.129      0.00554
       8.136     -0.03878
       8.144      -0.0831
       8.151      -0.1053
       8.159      -0.1496
       8.174      -0.1939
       8.182      -0.2161
       8.197      -0.1939
       8.204      -0.1717
       8.212      -0.1274
       8.227     -0.06094
       8.235     -0.06094
       8.242      -0.0831
        8.25      -0.1274
       8.265      -0.1717
       8.273      -0.1939
        8.28      -0.1939
       8.295      -0.2604
       8.303      -0.2604
       8.318      -0.2382
       8.325      -0.1939
       8.333      -0.1496
       8.341      -0.0831
       8.348     -0.06094
       8.356     -0.01662
       8.363      0.00554
       8.378      0.04986
       8.386      0.07202
       8.394      0.09418
       8.409      0.09418
       8.416       0.1163
       8.431       0.1385
       8.439       0.1607
       8.454       0.1385
       8.462       0.1163
       8.477      0.04986
       8.484      0.00554
       8.499     -0.03878
       8.507     -0.03878
       8.522     -0.01662
        8.53     -0.01662
       8.545      0.00554
        8.56       0.0277
       8.568       0.0277
       8.583       0.0277
       8.598      0.00554
       8.605      0.00554
       8.613      0.00554
        8.62     -0.03878
       8.628      -0.0831
       8.636      -0.1274
       8.651      -0.1496
       8.658      -0.1274
       8.673     -0.06094
       8.681     -0.03878
       8.689     -0.01662
       8.704      0.04986
       8.711      0.07202
       8.726      0.07202
       8.734      0.07202
       8.742       0.0277
       8.749      0.00554
       8.764      0.00554
       8.772       0.0277
       8.794      0.07202
       8.802      0.07202
        8.81      0.07202
       8.825     -0.01662
       8.832     -0.06094
        8.84      -0.1274
       8.847      -0.1939
       8.863      -0.2161
        8.87      -0.2161
       8.885      -0.2161
         8.9      -0.2161
       8.908      -0.1939
       8.916      -0.1496
       8.923      -0.1053
       8.931     -0.03878
       8.938      0.00554
       8.946      0.04986
       8.953      0.09418
       8.968       0.1828
       8.976        0.205
