     0.01186     -0.00542
     0.03454      -0.0271
      0.0421      -0.0271
     0.05723      0.01626
     0.07235      0.03794
     0.07991      0.03794
     0.08747      0.05962
      0.1026      0.05962
      0.1102      0.05962
      0.1177      0.05962
      0.1328      0.03794
      0.1404      0.01626
      0.1555     -0.00542
      0.1706      -0.0271
      0.1782     -0.04878
      0.1933      -0.0271
      0.2085     -0.00542
       0.216     -0.00542
      0.2311     -0.00542
      0.2387     -0.00542
      0.2538      -0.0271
      0.2614      -0.0271
      0.2765      -0.0271
      0.2841      -0.0271
      0.2992     -0.04878
      0.3067     -0.04878
      0.3143      -0.0271
      0.3294     -0.00542
       0.337      -0.0271
      0.3446      -0.0271
      0.3597     -0.07046
      0.3672     -0.07046
      0.3824     -0.04878
      0.3975     -0.04878
       0.405     -0.04878
      0.4202     -0.04878
      0.4277      -0.0271
      0.4504     -0.00542
       0.458      0.01626
      0.4731      0.05962
      0.4882      0.05962
      0.4958       0.0813
      0.5109        0.103
      0.5185        0.103
      0.5336       0.0813
      0.5411      0.05962
      0.5563      0.01626
      0.5638     -0.00542
       0.579      0.01626
      0.5941     -0.00542
      0.6016     -0.00542
      0.6092     -0.00542
      0.6243     -0.00542
      0.6319     -0.00542
      0.6546      0.03794
      0.6621      0.03794
      0.6773      0.03794
      0.6848      0.03794
      0.6999      0.03794
      0.7075      0.01626
      0.7226     -0.00542
      0.7302     -0.00542
      0.7453      0.03794
      0.7529      0.05962
       0.768      0.05962
      0.7755      0.05962
      0.7907      0.01626
      0.7982     -0.00542
      0.8058     -0.00542
      0.8209      -0.0271
      0.8285      -0.0271
      0.8512     -0.07046
      0.8587     -0.07046
      0.8663     -0.07046
      0.8814     -0.09214
       0.889     -0.09214
      0.8965     -0.09214
      0.9117     -0.09214
      0.9192     -0.04878
      0.9343      0.01626
      0.9419      0.01626
       0.957      0.01626
      0.9646      0.01626
      0.9797      0.01626
      0.9873      0.03794
      0.9948      0.05962
        1.01       0.0813
       1.018       0.0813
       1.033       0.1247
       1.048       0.1247
       1.055       0.1247
       1.063       0.1247
       1.078        0.103
       1.086       0.0813
       1.101      0.05962
       1.108      0.03794
       1.123      0.03794
       1.131      0.05962
       1.146      0.05962
       1.154      0.05962
       1.161      0.05962
       1.176      0.03794
       1.184      0.01626
       1.199      0.01626
       1.214      0.01626
       1.222      0.01626
       1.237      0.05962
       1.244       0.0813
       1.259       0.0813
       1.275      0.03794
       1.282      0.01626
       1.297     -0.00542
       1.305     -0.00542
        1.32     -0.04878
       1.328     -0.09214
       1.343      -0.1355
        1.35      -0.1572
       1.358      -0.1572
       1.373      -0.1572
        1.38      -0.1572
       1.388      -0.1355
       1.403     -0.09214
       1.411     -0.07046
       1.426      -0.0271
       1.441      0.01626
       1.449      0.03794
       1.464      0.03794
       1.471      0.03794
       1.486      0.01626
       1.501     -0.00542
       1.509      -0.0271
       1.524      -0.0271
       1.532     -0.00542
       1.547     -0.00542
       1.554     -0.00542
       1.569     -0.00542
       1.577     -0.00542
       1.592     -0.00542
         1.6      0.01626
       1.615      0.03794
       1.622      0.05962
       1.638      0.05962
       1.645      0.03794
        1.66      0.03794
       1.668      0.01626
       1.683     -0.00542
        1.69     -0.00542
       1.698     -0.00542
       1.713     -0.04878
       1.721     -0.04878
       1.736     -0.07046
       1.743     -0.04878
       1.759     -0.00542
       1.766      0.03794
       1.781       0.0813
       1.789       0.0813
       1.804      0.05962
       1.811      0.05962
       1.827      0.05962
       1.849      0.05962
       1.857      0.05962
       1.872      0.05962
       1.887      0.03794
       1.895      0.03794
        1.91      0.03794
       1.917      0.03794
       1.932      0.03794
       1.948      0.03794
       1.955      0.03794
        1.97      0.03794
       1.978      0.03794
       1.993      0.03794
           2      0.03794
       2.016      0.03794
       2.023      0.01626
       2.038      0.01626
       2.046      0.01626
       2.053      0.03794
       2.069      0.05962
       2.076       0.0813
       2.091       0.0813
       2.099       0.0813
       2.106       0.0813
       2.121      0.03794
       2.129      0.01626
       2.144     -0.00542
       2.159      -0.0271
       2.167      -0.0271
       2.182      -0.0271
        2.19      -0.0271
       2.205     -0.07046
       2.212     -0.07046
       2.227     -0.09214
       2.235     -0.09214
       2.242     -0.07046
       2.258      -0.0271
       2.265     -0.00542
        2.28      0.01626
       2.288      0.03794
       2.303      0.03794
        2.31      0.03794
       2.318      0.03794
       2.333      -0.0271
       2.341     -0.04878
       2.348     -0.04878
       2.363     -0.07046
       2.371     -0.07046
       2.386     -0.04878
       2.401      -0.0271
       2.409     -0.00542
       2.424      0.01626
       2.431      0.03794
       2.439      0.05962
       2.454      0.05962
       2.462      0.05962
       2.477      0.05962
       2.484      0.05962
         2.5      0.03794
       2.507      0.01626
       2.515      0.01626
        2.53      -0.0271
       2.537      -0.0271
       2.552     -0.00542
       2.568     -0.00542
       2.575     -0.00542
        2.59     -0.00542
       2.605      -0.0271
       2.613      -0.0271
       2.628      -0.0271
       2.636      -0.0271
       2.651      0.01626
       2.666      0.03794
       2.673      0.03794
       2.689      0.03794
       2.696      0.03794
       2.711      0.01626
       2.719      0.01626
       2.726      0.01626
       2.741      0.01626
       2.749      0.01626
       2.757      0.03794
       2.772      0.03794
       2.779      0.03794
       2.794      0.03794
       2.802      0.03794
       2.817     -0.00542
       2.825     -0.00542
       2.832     -0.00542
       2.847      -0.0271
       2.855      -0.0271
        2.87      -0.0271
       2.878     -0.00542
       2.893      0.01626
         2.9      0.01626
       2.915      0.03794
       2.923      0.03794
       2.938      0.01626
       2.946     -0.00542
       2.961     -0.00542
       2.968     -0.00542
       2.983     -0.00542
       2.991     -0.00542
       3.006      0.01626
       3.021      0.03794
       3.029      0.01626
       3.036     -0.00542
       3.051     -0.04878
       3.059     -0.04878
       3.067     -0.04878
       3.082     -0.04878
       3.089     -0.04878
       3.104     -0.04878
       3.112     -0.04878
        3.12      -0.0271
       3.135      0.01626
       3.142      0.03794
       3.157       0.0813
       3.165       0.0813
        3.18       0.0813
       3.195      0.03794
       3.203      0.03794
        3.21      0.03794
       3.225      0.01626
       3.233      0.01626
       3.248      -0.0271
       3.256      -0.0271
       3.271     -0.04878
       3.278     -0.04878
       3.293      -0.0271
       3.301     -0.00542
       3.316      0.03794
       3.324      0.03794
       3.339      0.01626
       3.346     -0.00542
       3.354     -0.00542
       3.369     -0.00542
       3.377     -0.00542
       3.392      -0.0271
       3.399      -0.0271
       3.414     -0.04878
        3.43      -0.0271
       3.445      0.01626
       3.452      0.03794
       3.467      0.05962
       3.475       0.0813
        3.49      0.05962
       3.498      0.03794
       3.513      0.01626
        3.52      0.01626
       3.535      0.01626
       3.543      0.01626
       3.558      0.01626
       3.566      0.01626
       3.581      0.03794
       3.588      0.03794
       3.603      0.01626
       3.611     -0.00542
       3.626     -0.00542
       3.634     -0.00542
       3.649     -0.00542
       3.656     -0.00542
       3.672      -0.0271
       3.679      -0.0271
       3.694      -0.0271
       3.702      -0.0271
       3.709     -0.00542
       3.724      0.01626
       3.732      0.01626
       3.747      0.01626
       3.755      0.01626
        3.77      0.03794
       3.777      0.03794
       3.793       0.0813
       3.808      0.05962
       3.815      0.05962
       3.823      0.05962
       3.838      0.03794
       3.853      0.03794
       3.868      0.01626
       3.876      0.01626
       3.891      0.03794
       3.906      0.01626
       3.913      0.01626
       3.929      0.03794
       3.944      0.05962
       3.951      0.05962
       3.966      0.03794
       3.974      0.03794
       3.989      0.01626
       4.004     -0.00542
       4.012      0.01626
       4.027      0.01626
       4.034      0.01626
        4.05      -0.0271
       4.057     -0.04878
       4.072     -0.04878
       4.087     -0.07046
       4.095     -0.07046
        4.11     -0.09214
       4.118     -0.09214
       4.133     -0.09214
        4.14     -0.09214
       4.155     -0.04878
       4.163     -0.00542
       4.178      0.03794
       4.186      0.05962
       4.201      0.05962
       4.208      0.05962
       4.223       0.0813
       4.231       0.0813
       4.246        0.103
       4.261      0.05962
       4.269      0.03794
       4.276      0.01626
       4.292      -0.0271
       4.299      -0.0271
       4.307     -0.00542
       4.322      0.03794
       4.329      0.03794
       4.344      0.03794
       4.352      0.03794
        4.36      0.03794
       4.375      0.01626
       4.382     -0.00542
        4.39     -0.00542
       4.405      -0.0271
       4.413      -0.0271
       4.428      -0.0271
       4.435      -0.0271
        4.45      -0.0271
       4.465      -0.0271
       4.473      -0.0271
       4.488     -0.00542
       4.496      0.01626
       4.511      0.03794
       4.518      0.05962
       4.534      0.05962
       4.541      0.03794
       4.549      0.03794
       4.564      0.01626
       4.571      0.01626
       4.586      0.03794
       4.594      0.05962
       4.609      0.05962
       4.617      0.05962
       4.624      0.05962
       4.647      0.03794
       4.654      0.03794
        4.67      0.03794
       4.685      0.01626
       4.692      0.03794
       4.707      0.03794
       4.715      0.03794
       4.723      0.03794
       4.738     -0.00542
       4.745      -0.0271
        4.76     -0.04878
       4.768     -0.04878
       4.783     -0.09214
       4.791     -0.09214
       4.806     -0.09214
       4.813     -0.07046
       4.828     -0.04878
       4.836      -0.0271
       4.851     -0.00542
       4.859     -0.00542
       4.874      0.01626
       4.881      0.01626
       4.896     -0.00542
       4.904     -0.00542
       4.919      0.01626
       4.927      0.01626
       4.942      0.01626
       4.949      0.01626
       4.965     -0.00542
       4.972     -0.00542
       4.987      -0.0271
       4.995     -0.00542
        5.01     -0.00542
       5.017     -0.00542
       5.025     -0.00542
       5.048     -0.04878
       5.055     -0.04878
        5.07     -0.04878
       5.078     -0.04878
       5.093     -0.04878
       5.101      -0.0271
       5.116     -0.00542
       5.123     -0.00542
       5.131      0.01626
       5.146      0.05962
       5.154       0.0813
       5.169        0.103
       5.176       0.0813
       5.184       0.0813
       5.199      0.05962
       5.206      0.03794
       5.222     -0.00542
       5.229     -0.00542
       5.244      -0.0271
       5.252      -0.0271
       5.267      -0.0271
       5.275      -0.0271
        5.29      -0.0271
       5.297     -0.00542
       5.312      0.05962
        5.32       0.0813
       5.335        0.103
       5.343        0.103
       5.358       0.1247
       5.365       0.1247
        5.38       0.0813
       5.388      0.05962
       5.403      0.01626
       5.411     -0.00542
       5.418     -0.00542
       5.433      0.01626
       5.441      0.03794
       5.456       0.0813
       5.471      0.05962
       5.479      0.03794
       5.494     -0.00542
       5.501     -0.00542
       5.516      -0.0271
       5.524      -0.0271
       5.539     -0.00542
       5.554     -0.00542
       5.562      -0.0271
       5.577     -0.04878
       5.592     -0.04878
         5.6     -0.00542
       5.615      0.01626
       5.622      0.03794
       5.645      0.03794
       5.653      0.03794
       5.668     -0.00542
       5.683     -0.04878
        5.69     -0.04878
       5.706     -0.04878
       5.713     -0.04878
       5.728     -0.04878
       5.736      -0.0271
       5.751      -0.0271
       5.758      -0.0271
       5.774     -0.00542
       5.781     -0.00542
       5.789      0.01626
       5.804     -0.00542
       5.811      -0.0271
       5.826     -0.04878
       5.842     -0.04878
       5.849     -0.04878
       5.864      -0.0271
       5.872     -0.00542
       5.887      0.01626
       5.895      0.01626
        5.91     -0.00542
       5.925      -0.0271
       5.932     -0.00542
       5.947      0.03794
       5.955      0.05962
        5.97      0.05962
       5.978      0.05962
       5.993      0.05962
           6      0.05962
       6.016      0.05962
       6.031      0.03794
       6.038      0.01626
       6.053      0.01626
       6.061      0.01626
       6.068      0.01626
       6.084     -0.00542
       6.091     -0.00542
       6.106      0.01626
       6.114      0.03794
       6.129      0.05962
       6.144      0.05962
       6.152      0.05962
       6.167      0.05962
       6.174      0.05962
       6.189      0.01626
       6.197     -0.00542
       6.212      0.01626
        6.22      0.03794
       6.235      0.05962
       6.242      0.05962
        6.25       0.0813
       6.265      0.05962
       6.273      0.05962
       6.288      0.01626
       6.295      0.01626
        6.31      0.01626
       6.318      0.01626
       6.326      0.01626
       6.341      -0.0271
       6.348     -0.04878
       6.363     -0.09214
       6.371     -0.09214
       6.386      -0.1138
       6.394      -0.1138
       6.401     -0.09214
       6.416     -0.04878
       6.424      -0.0271
       6.439      0.01626
       6.447      0.03794
       6.462       0.0813
       6.477      0.05962
       6.484      0.03794
       6.499     -0.00542
       6.507     -0.00542
       6.522     -0.00542
       6.537      -0.0271
       6.545      -0.0271
        6.56      -0.0271
       6.567     -0.00542
       6.583      0.01626
        6.59     -0.00542
       6.605     -0.00542
        6.62      -0.0271
       6.628      -0.0271
       6.643      -0.0271
       6.651      -0.0271
       6.666      0.01626
       6.673      0.05962
       6.688        0.103
       6.696       0.0813
       6.704      0.05962
       6.719      0.01626
       6.726     -0.00542
       6.741      -0.0271
       6.749     -0.00542
       6.764     -0.00542
       6.772     -0.00542
       6.787      -0.0271
       6.794     -0.04878
       6.809     -0.07046
       6.817     -0.07046
       6.832     -0.04878
       6.847     -0.00542
       6.855      0.01626
       6.862      0.05962
        6.87        0.103
       6.885       0.1247
       6.893       0.1247
         6.9       0.1247
       6.915        0.103
       6.923        0.103
       6.938       0.0813
       6.946      0.05962
       6.961      0.03794
       6.968      0.05962
       6.983       0.0813
       6.991        0.103
       7.006        0.103
       7.014       0.1247
       7.029        0.103
       7.044       0.0813
       7.059      0.03794
       7.067      0.01626
       7.074      0.01626
       7.089     -0.00542
       7.097     -0.00542
       7.112     -0.00542
       7.119     -0.00542
       7.135     -0.00542
       7.142     -0.00542
        7.15      0.01626
       7.165      0.01626
       7.172     -0.00542
        7.18     -0.00542
       7.195     -0.04878
       7.203     -0.07046
       7.218      -0.1138
       7.225      -0.1138
        7.24      -0.1138
       7.248      -0.1138
       7.263      -0.1138
       7.271      -0.1138
       7.286     -0.09214
       7.301     -0.07046
       7.309     -0.07046
       7.316     -0.04878
       7.331     -0.04878
       7.339     -0.04878
       7.354     -0.04878
       7.361     -0.04878
       7.369      -0.0271
       7.384      0.01626
       7.399       0.0813
       7.407       0.0813
       7.414       0.0813
       7.429      0.03794
       7.437      0.01626
       7.452     -0.00542
       7.467      -0.0271
       7.475      -0.0271
        7.49      -0.0271
       7.498     -0.00542
       7.513      0.01626
        7.52      0.01626
       7.528      0.03794
       7.543      0.03794
        7.55      0.03794
       7.566      0.03794
       7.573      0.05962
       7.588      0.03794
       7.596      0.03794
       7.603      0.05962
       7.619      0.05962
       7.626      0.05962
       7.641      0.01626
       7.649      0.01626
       7.664     -0.00542
       7.671     -0.00542
       7.687     -0.00542
       7.694     -0.00542
       7.702     -0.00542
       7.717      -0.0271
       7.724      -0.0271
       7.732     -0.00542
       7.747     -0.00542
       7.755     -0.00542
        7.77      0.05962
       7.785        0.103
       7.792        0.103
         7.8        0.103
       7.815      0.05962
       7.823      0.03794
       7.838      0.01626
       7.845      0.01626
        7.86      0.01626
       7.868     -0.00542
       7.883     -0.00542
       7.891     -0.00542
       7.906      0.01626
       7.913      0.03794
       7.929      0.03794
       7.936      0.03794
       7.951      0.03794
       7.966     -0.00542
       7.974      -0.0271
       7.989     -0.04878
       7.997     -0.04878
       8.012     -0.04878
       8.019      -0.0271
       8.034     -0.00542
       8.042      0.01626
       8.057      0.01626
       8.065      0.01626
        8.08     -0.00542
       8.087      -0.0271
       8.102     -0.04878
        8.11     -0.04878
       8.125     -0.09214
       8.133     -0.09214
       8.148     -0.09214
       8.155     -0.09214
       8.163     -0.07046
       8.178     -0.04878
       8.186      -0.0271
       8.201     -0.00542
       8.208     -0.00542
       8.223      0.01626
       8.231      0.01626
       8.246      0.01626
       8.254      0.03794
       8.269      0.05962
       8.284       0.0813
       8.291       0.0813
       8.299       0.0813
       8.314      0.05962
       8.322      0.03794
       8.337      0.03794
       8.344      0.03794
        8.36      0.01626
       8.375      -0.0271
       8.382      -0.0271
       8.397     -0.00542
       8.412     -0.00542
        8.42     -0.00542
       8.435      0.03794
       8.443       0.0813
       8.458       0.1247
       8.465       0.1247
       8.481        0.103
       8.488       0.0813
       8.496       0.0813
       8.511       0.0813
       8.518       0.0813
       8.533      0.05962
       8.541      0.05962
       8.556      0.05962
       8.564       0.0813
       8.586       0.0813
       8.594       0.0813
       8.617       0.0813
       8.624       0.0813
       8.632       0.0813
       8.647       0.0813
       8.654       0.0813
        8.67      0.01626
       8.677     -0.00542
       8.692      -0.0271
         8.7      -0.0271
       8.715     -0.04878
       8.722     -0.07046
       8.738     -0.09214
       8.745     -0.09214
        8.76     -0.07046
       8.775     -0.04878
       8.783      -0.0271
       8.798      -0.0271
       8.806     -0.04878
       8.813     -0.04878
       8.828     -0.07046
       8.836     -0.07046
       8.843     -0.07046
       8.859      -0.1138
       8.866      -0.1355
       8.881      -0.1572
       8.889      -0.1572
       8.904      -0.1355
       8.911      -0.1138
       8.927     -0.07046
       8.934      -0.0271
       8.949     -0.00542
       8.964      0.01626
