     0.01181       0.1381
     0.03448      0.05627
     0.04203    -0.005115
     0.04959     -0.04604
     0.05714     -0.08696
     0.07225      -0.1279
     0.07981      -0.1279
     0.09492      -0.1074
        0.11     -0.08696
      0.1176      -0.0665
      0.1251     -0.02558
      0.1402      0.01535
      0.1478      0.01535
      0.1629      0.05627
      0.1705      0.07673
       0.178      0.09719
      0.1931      0.07673
      0.2007      0.07673
      0.2082      0.07673
      0.2234      0.05627
      0.2309      0.03581
       0.246      0.05627
      0.2536      0.05627
      0.2611      0.05627
      0.2762    -0.005115
      0.2838     -0.02558
      0.2989     -0.04604
      0.3065     -0.04604
      0.3216     -0.04604
      0.3291     -0.04604
      0.3442      -0.0665
      0.3593     -0.08696
      0.3669      -0.1074
       0.382      -0.1074
      0.3896      -0.1074
      0.4047      -0.1074
      0.4198      -0.1483
      0.4273      -0.1483
      0.4424      -0.1483
        0.45      -0.1279
      0.4576      -0.1074
      0.4727     -0.08696
      0.4802      -0.0665
      0.4953      -0.0665
      0.5029      -0.0665
       0.518     -0.02558
      0.5331      0.03581
      0.5407      0.09719
      0.5482       0.1381
      0.5558        0.179
      0.5709       0.2199
      0.5784       0.2404
      0.5936       0.2404
      0.6011       0.2609
      0.6162       0.2609
      0.6238       0.2609
      0.6389       0.2199
      0.6464        0.179
      0.6615       0.1381
      0.6691      0.09719
      0.6842      0.03581
      0.6918    -0.005115
      0.6993     -0.04604
      0.7144      -0.1074
       0.722      -0.1074
      0.7371      -0.1074
      0.7447      -0.1074
      0.7598     -0.08696
      0.7673      -0.0665
      0.7824     -0.08696
        0.79      -0.0665
      0.8051    -0.005115
      0.8126      0.01535
      0.8278      0.05627
      0.8353      0.07673
      0.8504      0.05627
       0.858      0.03581
      0.8731    -0.005115
      0.8806    -0.005115
      0.8882      0.03581
      0.8958      0.05627
      0.9109       0.1176
      0.9184       0.1176
       0.926       0.1176
      0.9335      0.07673
      0.9411      0.03581
      0.9486     -0.02558
      0.9562     -0.04604
      0.9713     -0.08696
      0.9789     -0.08696
       0.994      -0.1074
       1.002      -0.1074
       1.017     -0.08696
       1.024     -0.04604
       1.039    -0.005115
       1.047      0.01535
       1.062      0.03581
        1.07      0.01535
       1.085     -0.02558
         1.1      -0.0665
       1.107      -0.0665
       1.115      -0.0665
       1.138      -0.0665
       1.145     -0.02558
        1.16      0.03581
       1.168      0.03581
       1.183      0.05627
       1.198      0.09719
       1.206      0.09719
       1.221      0.07673
       1.228      0.07673
       1.243      0.05627
       1.251      0.03581
       1.266      0.03581
       1.281      0.01535
       1.289    -0.005115
       1.304     -0.04604
       1.311      -0.0665
       1.319      -0.0665
       1.342      -0.1074
       1.349      -0.1074
       1.364      -0.0665
       1.379     -0.02558
       1.387    -0.005115
       1.402      0.03581
       1.409      0.03581
       1.417      0.05627
       1.432      0.05627
        1.44      0.03581
       1.455      0.03581
       1.462      0.03581
       1.477      0.03581
       1.485      0.05627
         1.5      0.05627
       1.508      0.03581
       1.523    -0.005115
       1.538     -0.02558
       1.553     -0.04604
       1.561     -0.04604
       1.576    -0.005115
       1.583      0.01535
       1.591      0.05627
       1.598      0.09719
       1.613       0.1586
       1.621        0.179
       1.636       0.2199
       1.644       0.2199
       1.651       0.2199
       1.666        0.179
       1.674        0.179
       1.681       0.1381
       1.689      0.07673
       1.697      0.03581
       1.704    -0.005115
       1.719      -0.0665
       1.727     -0.08696
       1.742      -0.1074
       1.757      -0.1483
       1.765      -0.1483
        1.78      -0.1279
       1.787     -0.08696
       1.802      -0.0665
        1.81     -0.08696
       1.825     -0.08696
       1.833     -0.04604
       1.848    -0.005115
       1.855      0.01535
        1.87      0.03581
       1.878      0.03581
       1.893      0.05627
       1.908      0.05627
       1.916      0.05627
       1.931      0.03581
       1.938      0.01535
       1.953     -0.02558
       1.961     -0.04604
       1.976      -0.0665
       1.984     -0.04604
       1.999    -0.005115
       2.006    -0.005115
       2.021      0.01535
       2.029      0.05627
       2.044      0.09719
       2.052      0.09719
       2.067      0.05627
       2.074      0.03581
       2.082      0.03581
       2.097      0.01535
       2.105      0.01535
       2.112      0.03581
       2.135      0.05627
       2.142      0.05627
        2.15      0.05627
       2.165      0.05627
       2.173      0.05627
       2.188      0.05627
       2.195      0.05627
        2.21      0.03581
       2.218      0.01535
       2.233     -0.02558
       2.241     -0.04604
       2.256     -0.08696
       2.263      -0.1279
       2.278      -0.1483
       2.286      -0.1279
       2.301      -0.0665
       2.309     -0.04604
       2.316      0.01535
       2.324      0.05627
       2.339      0.05627
       2.346      0.03581
       2.361    -0.005115
       2.369     -0.02558
       2.377     -0.02558
       2.392     -0.02558
       2.399     -0.02558
       2.414    -0.005115
       2.429    -0.005115
       2.437      0.01535
       2.452      0.01535
        2.46      0.01535
       2.475    -0.005115
       2.482    -0.005115
       2.497    -0.005115
       2.505    -0.005115
       2.513      0.03581
       2.535      0.09719
       2.543       0.1381
        2.55        0.179
       2.565       0.1995
       2.573        0.179
       2.581       0.1381
       2.596      0.09719
       2.603      0.07673
       2.618      0.03581
       2.626      0.01535
       2.641     -0.02558
       2.649      -0.0665
       2.664     -0.08696
       2.671     -0.08696
       2.679      -0.0665
       2.694     -0.04604
       2.701      -0.0665
       2.717     -0.08696
       2.724     -0.08696
       2.739     -0.08696
       2.747     -0.08696
       2.754     -0.08696
       2.769      -0.0665
       2.777     -0.04604
       2.792    -0.005115
         2.8    -0.005115
       2.815      0.01535
       2.822      0.01535
       2.837      0.01535
       2.845      0.01535
        2.86      0.05627
       2.875      0.09719
       2.883       0.1176
       2.898       0.1176
       2.905       0.1176
       2.921       0.1176
       2.936      0.09719
       2.943      0.07673
       2.958      0.05627
       2.966      0.05627
       2.981      0.05627
       2.989      0.05627
       3.004      0.01535
       3.011    -0.005115
       3.026     -0.02558
       3.034     -0.02558
       3.041     -0.02558
       3.057     -0.04604
       3.064     -0.04604
       3.079     -0.04604
       3.087      -0.0665
       3.102     -0.08696
       3.117      -0.0665
       3.124     -0.04604
        3.14    -0.005115
       3.147    -0.005115
       3.162      0.03581
       3.177      0.03581
       3.185      0.03581
         3.2      0.05627
       3.215      0.05627
       3.223      0.03581
        3.23      0.01535
       3.245     -0.02558
       3.253     -0.04604
       3.268     -0.08696
       3.276      -0.0665
       3.291     -0.02558
       3.298    -0.005115
       3.313      0.03581
       3.321      0.05627
       3.336      0.07673
       3.344      0.09719
       3.359      0.09719
       3.366      0.09719
       3.374      0.09719
       3.389      0.07673
       3.396      0.05627
       3.404      0.05627
       3.419      0.01535
       3.427    -0.005115
       3.434    -0.005115
       3.449     -0.02558
       3.457     -0.04604
       3.472      -0.0665
        3.48      -0.0665
       3.487      -0.0665
       3.502      -0.0665
        3.51      -0.0665
       3.525      -0.0665
       3.532     -0.04604
        3.54     -0.02558
       3.555    -0.005115
       3.563    -0.005115
       3.578     -0.02558
       3.585     -0.02558
         3.6     -0.02558
       3.608    -0.005115
       3.623      0.03581
       3.631      0.05627
       3.646      0.05627
       3.661    -0.005115
       3.668     -0.02558
       3.684     -0.02558
       3.691     -0.02558
       3.699    -0.005115
       3.714    -0.005115
       3.721      0.01535
       3.736      0.07673
       3.744      0.09719
       3.759      0.07673
       3.767      0.05627
       3.782      0.05627
       3.789      0.05627
       3.804      0.03581
       3.812      0.03581
       3.827      0.03581
       3.835      0.03581
        3.85      0.05627
       3.865      0.05627
       3.872      0.05627
       3.888      0.07673
       3.903      0.05627
        3.91      0.05627
       3.925      0.05627
        3.94      0.03581
       3.948      0.01535
       3.963     -0.02558
       3.971     -0.02558
       3.978     -0.02558
       3.993     -0.04604
       4.001      -0.0665
       4.016     -0.08696
       4.031      -0.1074
       4.039     -0.08696
       4.054     -0.04604
       4.061     -0.04604
       4.069     -0.02558
       4.084    -0.005115
       4.092      0.01535
       4.107      0.03581
       4.114      0.03581
       4.122      0.05627
       4.137      0.07673
       4.144      0.07673
        4.16      0.09719
       4.175      0.05627
       4.182      0.03581
       4.197    -0.005115
       4.205     -0.02558
        4.22      -0.0665
       4.228     -0.08696
       4.243      -0.1279
        4.25      -0.1279
       4.265      -0.1074
       4.273      -0.0665
        4.28     -0.04604
       4.296    -0.005115
       4.303    -0.005115
       4.318      0.01535
       4.326      0.01535
       4.341      0.05627
       4.348      0.07673
       4.364      0.09719
       4.371      0.07673
       4.379      0.07673
       4.394      0.05627
       4.401      0.05627
       4.416      0.05627
       4.424      0.05627
       4.439      0.07673
       4.447      0.07673
       4.462      0.03581
       4.469      0.03581
       4.484      0.05627
         4.5      0.03581
       4.507      0.03581
       4.522      0.03581
        4.53      0.03581
       4.545      0.03581
       4.552      0.03581
       4.568    -0.005115
       4.575    -0.005115
       4.583     -0.04604
       4.598      -0.1074
       4.605      -0.1279
        4.62      -0.1688
       4.628      -0.1688
       4.636      -0.1279
       4.643      -0.1074
       4.651     -0.04604
       4.658     -0.02558
       4.673     -0.02558
       4.681     -0.04604
       4.696     -0.02558
       4.711    -0.005115
       4.719      0.01535
       4.734      0.05627
       4.741      0.07673
       4.756      0.05627
       4.764      0.03581
       4.772      0.03581
       4.787    -0.005115
       4.794      0.01535
       4.809      0.03581
       4.817      0.03581
       4.832      0.03581
       4.839      0.03581
       4.855      0.03581
       4.862      0.03581
       4.877      0.03581
       4.885      0.03581
       4.892      0.05627
       4.907      0.05627
       4.915      0.05627
        4.93      0.03581
       4.938      0.01535
       4.953      0.03581
       4.968      0.07673
       4.975      0.07673
       4.983      0.09719
       4.998      0.07673
       5.006      0.07673
       5.021      0.05627
       5.028      0.03581
       5.036      0.05627
       5.051      0.05627
       5.059      0.03581
       5.066      0.03581
       5.081    -0.005115
       5.089     -0.02558
       5.104     -0.04604
       5.111     -0.04604
       5.127     -0.02558
       5.134     -0.02558
       5.149     -0.02558
       5.157     -0.02558
       5.172     -0.04604
       5.179      -0.0665
       5.195      -0.0665
        5.21     -0.08696
       5.217     -0.08696
       5.232     -0.08696
        5.24      -0.0665
       5.255     -0.04604
       5.263    -0.005115
       5.278      0.03581
       5.285      0.05627
         5.3      0.07673
       5.308      0.09719
       5.323       0.1176
       5.331       0.1176
       5.346       0.1176
       5.361      0.09719
       5.368      0.09719
       5.383      0.09719
       5.391      0.09719
       5.406      0.09719
       5.421      0.05627
       5.429      0.05627
       5.444      0.01535
       5.451    -0.005115
       5.467    -0.005115
       5.474     -0.02558
       5.482     -0.02558
       5.497      -0.0665
       5.504     -0.08696
       5.519      -0.1279
       5.527      -0.1483
       5.535      -0.1483
        5.55      -0.1688
       5.557      -0.1688
       5.565      -0.1483
       5.572      -0.1074
        5.58      -0.0665
       5.595     -0.04604
       5.603     -0.04604
       5.618     -0.02558
       5.625    -0.005115
        5.64      0.03581
       5.648      0.05627
       5.663      0.09719
       5.671       0.1176
       5.686       0.1176
       5.693       0.1381
       5.708       0.1586
       5.716        0.179
       5.731        0.179
       5.739       0.1586
       5.746       0.1176
       5.761      0.05627
       5.769      0.01535
       5.776     -0.02558
       5.784     -0.04604
       5.799      -0.0665
       5.807     -0.08696
       5.822      -0.1074
       5.829      -0.1279
       5.837      -0.1074
       5.852      -0.0665
       5.859     -0.04604
       5.875     -0.02558
       5.882     -0.02558
       5.897     -0.04604
       5.905     -0.04604
        5.92     -0.04604
       5.927     -0.04604
       5.943     -0.02558
       5.958    -0.005115
       5.965    -0.005115
       5.973      0.01535
       5.988      0.03581
       5.995      0.07673
       6.011      0.09719
       6.018      0.09719
       6.026      0.09719
       6.041      0.05627
       6.048      0.05627
       6.063      0.03581
       6.071      0.01535
       6.086     -0.02558
       6.094     -0.04604
       6.109     -0.04604
       6.116     -0.04604
       6.131     -0.04604
       6.147     -0.08696
       6.154      -0.1074
       6.169     -0.08696
       6.184     -0.02558
       6.192      0.01535
       6.199      0.05627
       6.207      0.09719
       6.215       0.1381
        6.23       0.1995
       6.237       0.1995
       6.245       0.2199
        6.26       0.2199
       6.267       0.1995
       6.283       0.1995
       6.298       0.1586
       6.305       0.1381
        6.32       0.1176
       6.328       0.1176
       6.335      0.07673
       6.343      0.03581
       6.351    -0.005115
       6.358     -0.04604
       6.366      -0.0665
       6.381      -0.1074
       6.388      -0.1074
       6.403      -0.1074
       6.411      -0.1074
       6.426      -0.1279
       6.434      -0.1074
       6.449     -0.08696
       6.456     -0.08696
       6.471      -0.1074
       6.479      -0.1279
       6.494      -0.1688
       6.502      -0.1893
       6.517      -0.2302
       6.532      -0.1893
       6.539      -0.1279
       6.547      -0.0665
       6.555    -0.005115
       6.562      0.05627
        6.57      0.07673
       6.585       0.1176
       6.592       0.1176
       6.607       0.1176
       6.622       0.1176
        6.63       0.1381
       6.645       0.1381
       6.653       0.1176
        6.66       0.1176
       6.675      0.07673
       6.683      0.03581
       6.698      0.03581
       6.713      0.03581
       6.721      0.01535
       6.736      0.01535
       6.743      0.01535
       6.751      0.03581
       6.766      0.05627
       6.774      0.05627
       6.789      0.05627
       6.796      0.05627
       6.811      0.01535
       6.819    -0.005115
       6.834    -0.005115
       6.842    -0.005115
       6.857      0.01535
       6.864      0.01535
       6.879      0.03581
       6.887      0.03581
       6.902      0.03581
        6.91      0.03581
       6.925      0.03581
       6.932      0.03581
       6.947      0.01535
       6.955    -0.005115
        6.97     -0.04604
       6.978     -0.04604
       6.993      -0.0665
           7      -0.0665
       7.008     -0.04604
       7.023     -0.02558
        7.03     -0.02558
       7.038    -0.005115
       7.053      0.01535
       7.061      0.03581
       7.076      0.05627
       7.083      0.05627
       7.098      0.05627
       7.106      0.05627
       7.121      0.03581
       7.129      0.03581
       7.144      0.05627
       7.151      0.07673
       7.166      0.05627
       7.174      0.03581
       7.182      0.01535
       7.197     -0.02558
       7.204      -0.0665
       7.219     -0.08696
       7.227     -0.08696
       7.242      -0.0665
        7.25     -0.04604
       7.265     -0.02558
       7.272    -0.005115
       7.287    -0.005115
       7.295      0.01535
        7.31      0.05627
       7.325      0.05627
       7.333      0.01535
        7.34     -0.04604
       7.355      -0.1074
       7.363      -0.1279
       7.378      -0.1279
       7.386      -0.1074
       7.401      -0.0665
       7.408     -0.04604
       7.416    -0.005115
       7.423      0.01535
       7.431      0.05627
       7.438      0.07673
       7.454       0.1176
       7.461       0.1176
       7.476       0.1176
       7.484       0.1176
       7.499      0.05627
       7.506      0.03581
       7.514    -0.005115
       7.529     -0.04604
       7.544     -0.08696
       7.552     -0.08696
       7.567      -0.0665
       7.574     -0.04604
       7.582    -0.005115
        7.59      0.05627
       7.605      0.07673
       7.612      0.05627
        7.62      0.05627
       7.635    -0.005115
       7.642     -0.02558
       7.658      -0.0665
       7.665     -0.08696
       7.673      -0.0665
       7.688     -0.02558
       7.695    -0.005115
       7.703      0.03581
        7.71      0.05627
       7.726      0.09719
       7.733      0.09719
       7.741       0.1176
       7.756      0.09719
       7.763      0.07673
       7.778      0.05627
       7.794      0.07673
       7.801      0.09719
       7.816       0.1381
       7.824       0.1381
       7.839      0.09719
       7.846      0.09719
       7.862      0.05627
       7.869      0.05627
       7.884    -0.005115
       7.892     -0.02558
       7.907     -0.04604
       7.922     -0.08696
        7.93     -0.08696
       7.937     -0.08696
       7.952      -0.0665
        7.96     -0.04604
       7.975     -0.02558
       7.982    -0.005115
       7.998     -0.02558
       8.005     -0.04604
       8.013     -0.04604
       8.028      -0.0665
       8.035      -0.0665
       8.043      -0.0665
       8.058      -0.0665
       8.066     -0.04604
       8.081    -0.005115
       8.088      0.01535
       8.103      0.03581
       8.111      0.03581
       8.126      0.03581
       8.134      0.03581
       8.141      0.05627
       8.156      0.05627
       8.164      0.03581
       8.179      0.03581
       8.186      0.03581
       8.202      0.03581
       8.209      0.03581
       8.217      0.03581
       8.232      0.01535
       8.239      0.03581
       8.254      0.07673
       8.262      0.09719
       8.277      0.09719
       8.285      0.07673
         8.3      0.07673
       8.307      0.07673
       8.322      0.07673
        8.33      0.07673
       8.337      0.07673
       8.353      0.05627
        8.36      0.03581
       8.368      0.03581
       8.383    -0.005115
        8.39     -0.02558
       8.405     -0.04604
       8.413      -0.0665
       8.428      -0.0665
       8.436     -0.04604
       8.451     -0.04604
       8.458     -0.04604
       8.473     -0.04604
       8.481     -0.02558
       8.496     -0.02558
       8.504     -0.04604
       8.526     -0.02558
       8.534     -0.02558
       8.549    -0.005115
       8.557    -0.005115
       8.572    -0.005115
       8.587     -0.02558
       8.594    -0.005115
       8.609      0.01535
       8.617      0.05627
       8.632      0.07673
        8.64      0.07673
       8.655      0.07673
        8.67      0.03581
       8.677      0.01535
       8.693     -0.02558
         8.7     -0.02558
       8.723      -0.0665
        8.73      -0.0665
       8.745     -0.04604
       8.761     -0.02558
       8.768    -0.005115
       8.783    -0.005115
       8.791    -0.005115
       8.798      0.01535
       8.813    -0.005115
       8.821    -0.005115
       8.836     -0.04604
       8.844      -0.0665
       8.851      -0.0665
       8.866      -0.0665
       8.874     -0.04604
       8.881    -0.005115
       8.897      0.03581
       8.904      0.03581
       8.912      0.03581
       8.927    -0.005115
       8.934     -0.02558
       8.942    -0.005115
       8.957    -0.005115
       8.965    -0.005115
