     0.01186       0.2114
     0.03455       0.1518
     0.04212      0.09214
     0.04968      0.05239
     0.05725      0.01265
     0.07238      -0.0271
     0.07994     -0.06685
     0.08751      -0.1066
     0.09507      -0.1463
      0.1026      -0.1662
      0.1178       -0.206
      0.1253       -0.206
      0.1405      -0.1861
      0.1556      -0.1662
      0.1632      -0.1265
      0.1707      -0.1066
      0.1783     -0.06685
      0.1859    -0.007227
      0.1934      0.05239
       0.201        0.112
      0.2085       0.1518
      0.2161       0.1716
      0.2312       0.1915
      0.2388       0.1915
      0.2539       0.1915
      0.2615       0.1915
      0.2766       0.1915
      0.2842       0.1915
      0.2993       0.1716
      0.3145        0.112
       0.322      0.07227
      0.3296      0.03252
      0.3296    -0.007227
      0.3371      -0.0271
      0.3447     -0.06685
      0.3523      -0.1066
      0.3674      -0.1463
       0.375      -0.1662
      0.3901       -0.206
      0.3977      -0.2457
      0.4052      -0.2855
      0.4128      -0.3053
      0.4204      -0.2855
      0.4279      -0.2457
      0.4355      -0.1662
      0.4431     -0.08672
      0.4506      0.03252
      0.4506      -0.0271
      0.4582      0.07227
      0.4658        0.112
      0.4733       0.1518
      0.4809       0.1915
       0.496       0.1915
      0.5036       0.1915
      0.5187       0.1518
      0.5263        0.112
      0.5338      0.07227
      0.5414      0.05239
       0.549      -0.0271
      0.5565     -0.06685
      0.5641     -0.08672
      0.5717     -0.08672
      0.5868     -0.04697
      0.5944      -0.0271
      0.6095    -0.007227
      0.6171    -0.007227
      0.6322     -0.04697
      0.6473     -0.08672
      0.6624      -0.1066
      0.6776      -0.1066
      0.6927      -0.0271
      0.7003      0.03252
      0.7078      0.07227
      0.7154        0.112
       0.723       0.1716
      0.7305       0.1716
      0.7381       0.1716
      0.7532        0.112
      0.7608      0.09214
      0.7683      0.05239
      0.7759      0.01265
      0.7835      -0.0271
       0.791     -0.08672
      0.7986      -0.1463
      0.8137       -0.206
      0.8213       -0.206
      0.8289      -0.1861
       0.844      -0.1662
      0.8516      -0.1463
      0.8591      -0.1265
      0.8667     -0.08672
      0.8743     -0.04697
      0.8818    -0.007227
      0.8894      0.01265
       0.897      0.07227
      0.9045       0.1319
      0.9121       0.1915
      0.9196       0.2511
      0.9272       0.2909
      0.9348       0.3306
      0.9423       0.3505
      0.9499       0.3704
       0.965       0.3704
      0.9726       0.3306
      0.9802       0.2909
      0.9877       0.2114
      0.9953       0.1518
       1.003      0.09214
        1.01      0.05239
       1.018     -0.04697
       1.026      -0.1066
       1.033      -0.1861
       1.041      -0.2457
       1.048      -0.3053
       1.056      -0.3252
       1.071      -0.3053
       1.079      -0.2855
       1.086      -0.2457
       1.101       -0.206
       1.109       -0.206
       1.124      -0.1861
       1.131      -0.1463
       1.139      -0.1066
       1.147     -0.04697
       1.162      0.01265
       1.169      0.05239
       1.184        0.112
       1.192       0.1319
         1.2       0.1716
       1.207       0.2313
       1.215        0.271
       1.222       0.3306
        1.23       0.3505
       1.245       0.3704
       1.253       0.3505
        1.26       0.3107
       1.268        0.271
       1.275       0.2114
       1.283       0.1716
        1.29        0.112
       1.298      0.05239
       1.298    -0.007227
       1.305     -0.04697
       1.313      -0.1066
       1.321      -0.1662
       1.336       -0.206
       1.343      -0.2258
       1.358      -0.2258
       1.366       -0.206
       1.381      -0.1662
       1.389      -0.1463
       1.396      -0.1265
       1.411     -0.08672
       1.419     -0.04697
       1.426      0.01265
       1.434      0.05239
       1.442      0.09214
       1.457        0.112
       1.464      0.09214
       1.479      0.07227
       1.487      0.05239
       1.502      0.03252
        1.51      0.01265
       1.525    -0.007227
       1.532      -0.0271
        1.54      -0.0271
       1.555     -0.06685
       1.563      -0.1066
        1.57      -0.1066
       1.585     -0.08672
       1.593     -0.06685
       1.608     -0.08672
       1.616     -0.08672
       1.623     -0.04697
       1.631      0.03252
       1.631    -0.007227
       1.638      0.05239
       1.653      0.09214
       1.661      0.09214
       1.684      0.09214
       1.691        0.112
       1.706       0.1518
       1.714       0.1518
       1.722       0.1518
       1.737       0.1319
       1.744       0.1319
       1.759        0.112
       1.767      0.07227
       1.782      0.03252
        1.79      0.01265
       1.797      0.05239
       1.812      0.09214
        1.82      0.09214
       1.835      0.03252
       1.835    -0.007227
       1.843      -0.0271
        1.85     -0.06685
       1.858      -0.1265
       1.865      -0.1662
       1.873      -0.1861
       1.888      -0.1861
       1.903      -0.1463
       1.911      -0.1463
       1.926     -0.08672
       1.941     -0.04697
       1.948      -0.0271
       1.956    -0.007227
       1.971      0.03252
       1.979      0.07227
       1.994      0.09214
       2.001        0.112
       2.009       0.1319
       2.017       0.1716
       2.024       0.1915
       2.039       0.2114
       2.047       0.2114
       2.062       0.2114
       2.085       0.1716
       2.092       0.1716
         2.1        0.112
       2.107      0.07227
       2.115      -0.0271
       2.122     -0.08672
        2.13      -0.1662
       2.138      -0.2258
       2.145      -0.2656
       2.153      -0.2855
       2.168      -0.2855
       2.175      -0.2457
       2.183       -0.206
       2.191      -0.1463
       2.198     -0.08672
       2.206     -0.04697
       2.213    -0.007227
       2.221      0.03252
       2.228      0.07227
       2.244      0.09214
       2.251        0.112
       2.266        0.112
       2.281        0.112
       2.296        0.112
       2.304        0.112
       2.319      0.05239
       2.327      -0.0271
       2.334     -0.08672
       2.342      -0.1463
       2.349      -0.1861
       2.365       -0.206
       2.372      -0.1861
        2.38      -0.1463
       2.387      -0.1066
       2.395     -0.04697
        2.41      -0.0271
       2.418    -0.007227
       2.425      0.05239
       2.433      0.09214
        2.44       0.1319
       2.455       0.1716
       2.463       0.1518
        2.47        0.112
       2.478      0.07227
       2.486      0.03252
       2.508      0.01265
       2.531      0.03252
       2.539      0.07227
       2.554      0.09214
       2.561      0.09214
       2.569      0.05239
       2.576    -0.007227
       2.584      -0.0271
       2.591     -0.06685
       2.599      -0.1265
       2.607      -0.1463
       2.622      -0.1861
       2.629       -0.206
       2.644       -0.206
       2.652       -0.206
        2.66      -0.1662
       2.667      -0.1463
       2.675     -0.08672
       2.682     -0.04697
       2.697      0.03252
       2.705      0.05239
        2.72      0.07227
       2.735      0.07227
       2.743      0.05239
       2.758      0.05239
       2.765      0.05239
       2.781      0.07227
       2.796      0.07227
       2.803      0.07227
       2.818      0.07227
       2.826      0.05239
       2.841      0.05239
       2.856    -0.007227
       2.864      -0.0271
       2.879     -0.08672
       2.887     -0.06685
       2.902     -0.04697
       2.909     -0.04697
       2.917      -0.0271
       2.924      0.01265
       2.932      0.07227
       2.939        0.112
       2.947       0.1716
       2.962       0.1915
        2.97       0.1915
       2.985       0.1319
       2.992        0.112
           3      0.07227
       3.008      0.03252
       3.015    -0.007227
       3.023      -0.0271
       3.038    -0.007227
       3.053      0.03252
       3.061      0.05239
       3.076      0.03252
       3.083      0.03252
       3.091    -0.007227
       3.098    -0.007227
       3.113    -0.007227
       3.129     -0.04697
       3.136      -0.0271
       3.151      0.03252
       3.159      0.05239
       3.174        0.112
       3.182       0.1319
       3.189       0.1518
       3.204       0.1319
       3.212        0.112
       3.227      0.05239
       3.235      0.01265
       3.242      -0.0271
        3.25     -0.06685
       3.265      -0.1265
       3.272      -0.1463
        3.28      -0.1463
       3.295      -0.1861
       3.303      -0.2258
       3.318      -0.2656
       3.325      -0.2656
        3.34      -0.2656
       3.348      -0.2656
       3.363      -0.2656
       3.371      -0.2258
       3.378      -0.1662
       3.386     -0.06685
       3.393      0.03252
       3.401       0.1319
       3.409       0.2114
       3.416       0.2909
       3.424       0.3306
       3.431       0.3505
       3.446       0.3306
       3.454       0.2909
       3.461       0.2511
       3.469       0.1915
       3.477       0.1518
       3.484       0.1319
       3.492      0.09214
       3.499      0.07227
       3.514      0.03252
        3.53      0.03252
       3.545      0.05239
        3.56      0.05239
       3.567      0.05239
       3.575      0.01265
       3.582     -0.04697
        3.59      -0.1066
       3.598      -0.1463
       3.613      -0.1662
        3.62      -0.1265
       3.628      -0.1066
       3.635     -0.06685
       3.643      -0.0271
       3.651      0.07227
       3.658       0.1319
       3.666       0.1915
       3.681       0.1915
       3.688       0.1915
       3.704       0.1518
       3.711       0.1319
       3.719       0.1319
       3.726      0.09214
       3.734      0.05239
       3.741    -0.007227
       3.756     -0.06685
       3.764     -0.08672
       3.779     -0.08672
       3.787     -0.08672
       3.802      -0.1066
       3.809      -0.1463
       3.817       -0.206
       3.825      -0.2855
        3.84      -0.3252
       3.847      -0.3053
       3.855      -0.2457
       3.862      -0.1861
        3.87      -0.1066
       3.878     -0.04697
       3.885    -0.007227
       3.893      0.05239
         3.9        0.112
       3.908       0.1716
       3.915       0.2114
       3.923       0.2511
        3.93        0.271
       3.946        0.271
       3.953       0.2313
       3.961       0.1915
       3.968       0.1518
       3.976        0.112
       3.983      0.07227
       3.991      0.05239
       4.006      0.01265
       4.014    -0.007227
       4.021     -0.06685
       4.029      -0.1066
       4.036      -0.1265
       4.052      -0.1463
       4.059      -0.1463
       4.082      -0.1265
       4.089      -0.1066
       4.104      -0.0271
       4.112    -0.007227
       4.127      0.01265
       4.135      0.03252
       4.142      0.05239
       4.157      0.09214
       4.165        0.112
        4.18      0.09214
       4.188      0.07227
       4.195    -0.007227
       4.203      -0.0271
        4.21     -0.06685
       4.218     -0.08672
       4.233      -0.1066
       4.241     -0.08672
       4.256     -0.04697
       4.263     -0.04697
       4.278     -0.06685
       4.294     -0.06685
       4.301     -0.04697
       4.316      0.05239
       4.324      0.07227
       4.339        0.112
       4.347        0.112
       4.362      0.07227
       4.369      0.09214
       4.384       0.1518
       4.392       0.1915
       4.407       0.2313
       4.415       0.2313
        4.43       0.2114
       4.437       0.1915
       4.445       0.1518
       4.452        0.112
        4.46      0.07227
       4.475    -0.007227
       4.483      -0.1066
        4.49      -0.1861
       4.498      -0.2656
       4.505      -0.3053
       4.513      -0.2855
       4.528      -0.2457
       4.536      -0.1861
       4.543      -0.1463
       4.551     -0.08672
       4.558     -0.04697
       4.574      0.01265
       4.581      0.03252
       4.596      0.05239
       4.604      0.07227
       4.619        0.112
       4.626        0.112
       4.642      0.09214
       4.649      0.07227
       4.664      0.05239
       4.679      0.03252
       4.687      0.01265
       4.695    -0.007227
       4.702     -0.04697
        4.71     -0.08672
       4.717      -0.1066
       4.732      -0.1463
        4.74      -0.1265
       4.755     -0.06685
       4.763     -0.04697
        4.77      0.03252
        4.77    -0.007227
       4.778      0.05239
       4.793        0.112
         4.8       0.1319
       4.816       0.1915
       4.823       0.2114
       4.838       0.2313
       4.846       0.2114
       4.861       0.1716
       4.869       0.1518
       4.884       0.1319
       4.891        0.112
       4.906      0.07227
       4.914    -0.007227
       4.921     -0.04697
       4.929      -0.1066
       4.937      -0.1662
       4.944      -0.2258
       4.952      -0.2656
       4.959      -0.3451
       4.967      -0.4047
       4.974      -0.4444
        4.99      -0.4047
       4.997      -0.3252
       5.005      -0.2258
       5.012      -0.1066
        5.02      -0.0271
       5.027      0.05239
       5.035        0.112
       5.043       0.1518
        5.05       0.1915
       5.065       0.2114
        5.08       0.1915
       5.095        0.112
       5.103      0.07227
       5.111      0.05239
       5.118    -0.007227
       5.126     -0.04697
       5.141     -0.08672
       5.148     -0.06685
       5.164     -0.08672
       5.171     -0.08672
       5.186      -0.1066
       5.194      -0.1066
       5.209      -0.1066
       5.217      -0.1066
       5.224     -0.08672
       5.239      -0.0271
       5.247      0.05239
       5.247    -0.007227
       5.254      0.09214
       5.262       0.1319
       5.277       0.1518
       5.285       0.1518
         5.3        0.112
       5.307       0.1319
       5.322       0.1518
        5.33       0.1319
       5.338       0.1319
       5.345      0.09214
       5.353      0.05239
       5.368      0.01265
       5.375      0.03252
       5.383      0.05239
       5.398      0.05239
       5.406      0.03252
       5.421      0.03252
       5.436      0.01265
       5.451      0.03252
       5.459      0.03252
       5.481      0.05239
       5.496      0.05239
       5.504      0.05239
       5.512      0.01265
       5.527      -0.0271
       5.534     -0.06685
       5.542     -0.06685
       5.557     -0.08672
       5.565     -0.06685
        5.58     -0.04697
       5.587      -0.0271
       5.602      -0.0271
        5.61      -0.0271
       5.625      -0.0271
       5.633    -0.007227
       5.648      0.01265
       5.655      0.01265
        5.67      0.03252
       5.678      0.05239
       5.693      0.05239
       5.701      0.05239
       5.716      0.03252
       5.723      0.05239
       5.739      0.09214
       5.754       0.1518
       5.761       0.1518
       5.769       0.1518
       5.784       0.1319
       5.791       0.1319
       5.807       0.1915
       5.822       0.2511
       5.829       0.2313
       5.837       0.1915
       5.844       0.1319
       5.852      0.07227
        5.86      0.03252
       5.867    -0.007227
       5.882      0.03252
        5.89      0.03252
       5.905    -0.007227
        5.92     -0.06685
       5.928     -0.08672
       5.943      -0.1066
        5.95      -0.1265
       5.958      -0.1265
       5.973      -0.1463
       5.981      -0.1265
       5.988      -0.1066
       6.003     -0.04697
       6.011      -0.0271
       6.026    -0.007227
       6.034      0.05239
       6.041      0.09214
       6.049       0.1319
       6.064      0.09214
       6.071      0.05239
       6.079     -0.04697
       6.086      -0.1066
       6.094      -0.1662
       6.102      -0.1463
       6.109      -0.1265
       6.117     -0.06685
       6.124     -0.04697
       6.139     -0.04697
       6.147     -0.06685
       6.155     -0.06685
        6.17      -0.1265
       6.177      -0.1662
       6.192       -0.206
         6.2       -0.206
       6.215       -0.206
       6.223      -0.2258
        6.23      -0.2258
       6.245      -0.2457
       6.253       -0.206
        6.26      -0.1662
       6.268      -0.1066
       6.276     -0.06685
       6.283      -0.0271
       6.291      0.05239
       6.298      0.09214
       6.313       0.1319
       6.321       0.1319
       6.329      0.07227
       6.344      -0.0271
       6.351     -0.06685
       6.366      -0.1066
       6.374     -0.06685
       6.382     -0.04697
       6.397      0.01265
       6.404      0.03252
       6.412      0.05239
       6.427      0.01265
       6.434      -0.0271
        6.45     -0.06685
       6.457     -0.08672
       6.465     -0.08672
        6.48     -0.04697
       6.487      -0.0271
       6.503      0.05239
        6.51      0.07227
       6.518        0.112
       6.525       0.1518
        6.54       0.1518
       6.548       0.1319
       6.556      0.09214
       6.563      0.07227
       6.578      0.07227
       6.586      0.09214
       6.601       0.1319
       6.608       0.1518
       6.624       0.1319
       6.631       0.1319
       6.639       0.1518
       6.654       0.1518
       6.661       0.1319
       6.677      0.09214
       6.684      0.05239
       6.692      0.01265
       6.699      -0.0271
       6.707     -0.06685
       6.722      -0.1066
        6.73      -0.1463
       6.737      -0.1861
       6.745      -0.2457
       6.752      -0.2855
        6.76      -0.3053
       6.775      -0.2855
       6.782      -0.2258
        6.79      -0.1861
       6.798      -0.1463
       6.805     -0.08672
       6.813     -0.04697
       6.828      0.03252
       6.835      0.03252
       6.843      0.05239
       6.858      0.09214
       6.866        0.112
       6.873       0.1518
       6.881       0.1716
       6.896       0.1716
       6.903       0.1518
       6.919        0.112
       6.926        0.112
       6.941        0.112
       6.949        0.112
       6.964      0.09214
       6.972      0.07227
       6.987      0.03252
       6.987    -0.007227
       6.994     -0.04697
       7.002     -0.08672
       7.009      -0.1066
       7.025      -0.1265
       7.032      -0.1265
       7.047      -0.1265
       7.055      -0.1066
       7.062     -0.06685
       7.077    -0.007227
       7.085    -0.007227
       7.093      0.03252
         7.1      0.03252
       7.115      0.05239
        7.13      0.09214
       7.138        0.112
       7.153      0.09214
       7.161      0.07227
       7.176      0.01265
       7.191      -0.0271
       7.199      -0.0271
       7.214      -0.0271
       7.221      -0.0271
       7.236    -0.007227
       7.244      0.03252
       7.251      0.05239
       7.267      0.03252
       7.274      0.01265
       7.289      0.03252
       7.304      0.09214
       7.312        0.112
       7.327      0.09214
       7.335        0.112
       7.342       0.1319
       7.357       0.1915
       7.365       0.2114
        7.38        0.271
       7.388       0.3107
       7.403       0.2909
        7.41       0.2511
       7.418       0.2114
       7.425       0.1319
       7.433      0.07227
       7.441      0.01265
       7.448      -0.0271
       7.456     -0.06685
       7.463      -0.1066
       7.471      -0.1463
       7.478      -0.1861
       7.486       -0.206
       7.494       -0.206
       7.509      -0.1861
       7.516      -0.1861
       7.531      -0.1662
       7.539      -0.1265
       7.547     -0.06685
       7.554      -0.0271
       7.562    -0.007227
       7.577    -0.007227
       7.584      0.01265
       7.592      0.05239
       7.599      0.07227
       7.607        0.112
       7.615       0.1518
        7.63       0.1915
       7.637       0.1915
       7.652       0.1716
        7.66       0.1518
       7.675        0.112
       7.683      0.09214
        7.69      0.05239
       7.698    -0.007227
       7.705     -0.04697
       7.713     -0.08672
       7.721      -0.1066
       7.736      -0.1463
       7.743      -0.1463
       7.758      -0.1662
       7.766      -0.1265
       7.773      -0.1066
       7.781     -0.04697
       7.789    -0.007227
       7.796      0.03252
       7.811      0.07227
       7.826      0.03252
       7.826    -0.007227
       7.834      -0.0271
       7.842     -0.08672
       7.849      -0.1463
       7.857      -0.1861
       7.864      -0.2258
       7.879       -0.206
       7.895      -0.1662
       7.902      -0.1662
        7.91      -0.1463
       7.925      -0.1463
       7.932      -0.1463
       7.947      -0.1662
       7.955      -0.1662
       7.963      -0.1265
       7.978     -0.06685
       7.985     -0.04697
           8    -0.007227
       8.008      0.03252
       8.016      0.07227
       8.023       0.1319
       8.031       0.1915
       8.038       0.2313
       8.046        0.271
       8.061       0.2511
       8.068       0.1915
       8.076       0.1319
       8.084      0.07227
       8.091      0.05239
       8.106    -0.007227
       8.114    -0.007227
       8.121    -0.007227
       8.129     -0.04697
       8.137      -0.1066
       8.144      -0.1662
       8.152      -0.2258
       8.167      -0.2258
       8.174      -0.1861
       8.182      -0.1463
        8.19     -0.08672
       8.197     -0.04697
       8.205    -0.007227
       8.212      0.03252
        8.22      0.05239
       8.235      0.09214
       8.242      0.09214
        8.25        0.112
       8.258       0.1518
       8.265       0.1915
       8.273       0.2313
        8.28        0.271
       8.295       0.3107
       8.303       0.3107
       8.318       0.2511
       8.326       0.2114
       8.333       0.1518
       8.341        0.112
       8.348      0.07227
       8.356      0.03252
       8.364      -0.0271
       8.371     -0.06685
       8.386     -0.08672
       8.394     -0.06685
       8.409     -0.04697
       8.416     -0.06685
       8.432      -0.1066
       8.439      -0.1066
       8.454      -0.1265
       8.462     -0.08672
       8.469      -0.0271
       8.477      0.05239
       8.477    -0.007227
       8.485      0.09214
         8.5        0.112
       8.507      0.07227
       8.522      0.03252
        8.53      0.03252
       8.545      0.03252
       8.553      0.03252
       8.568      0.03252
       8.575      0.05239
        8.59      0.03252
       8.598    -0.007227
       8.606    -0.007227
       8.621      0.03252
       8.628      0.05239
       8.643        0.112
       8.651        0.112
       8.666      0.09214
       8.681      0.05239
       8.689      0.05239
       8.696      0.01265
       8.712     -0.04697
       8.719     -0.08672
       8.727      -0.1265
       8.734      -0.1463
       8.749      -0.1662
       8.757      -0.1463
       8.772      -0.1265
        8.78      -0.1066
       8.795     -0.06685
       8.802     -0.06685
       8.817      -0.1066
       8.825      -0.1265
        8.84      -0.1066
       8.848     -0.08672
       8.855     -0.04697
       8.863    -0.007227
        8.87      0.03252
       8.878      0.05239
       8.893      0.05239
       8.901      0.07227
       8.916      0.09214
       8.923        0.112
       8.938       0.1518
       8.954       0.1915
       8.961       0.1716
       8.969       0.1319
       8.976      0.09214
