     0.01186      -0.2331
     0.02698      -0.1572
     0.03454      -0.1192
      0.0421     -0.06233
     0.04966      0.03252
     0.05723       0.1274
     0.06479       0.2033
     0.07235       0.2602
     0.07991       0.2981
     0.08747       0.2981
      0.1026       0.2412
      0.1102       0.2033
      0.1253       0.1843
      0.1328       0.1653
      0.1404       0.1084
       0.148      0.05149
      0.1555      0.01355
      0.1631      0.07046
      0.1706       0.1463
      0.1782       0.2412
      0.1858       0.3171
      0.2009       0.3171
      0.2085       0.2981
       0.216       0.2602
      0.2236       0.2222
      0.2311       0.1843
      0.2387       0.1463
      0.2463       0.1463
      0.2689       0.2033
      0.2765       0.2033
      0.2841       0.2033
      0.2992       0.1463
      0.3067       0.1274
      0.3219       0.1463
       0.337       0.1843
      0.3446       0.2222
      0.3521       0.2412
      0.3597       0.2791
      0.3672       0.3171
      0.3824        0.336
      0.3899       0.2981
      0.3975       0.2412
       0.405       0.2033
      0.4202       0.1653
      0.4277       0.1463
      0.4429      0.08943
      0.4504      0.07046
      0.4731      0.05149
      0.4807      0.05149
      0.4958      0.05149
      0.5033      0.05149
      0.5109      0.05149
       0.526     -0.00542
      0.5336     -0.02439
      0.5411     -0.06233
      0.5487      -0.1003
      0.5563      -0.1572
      0.5638      -0.2331
      0.5714        -0.29
       0.579      -0.3469
      0.5865      -0.4038
      0.5941      -0.4607
      0.6016      -0.4986
      0.6092      -0.5556
      0.6168      -0.5935
      0.6243      -0.6504
      0.6319      -0.6883
      0.6394      -0.7263
       0.647      -0.7453
      0.6621      -0.7263
      0.6697      -0.6694
      0.6773      -0.6125
      0.6848      -0.4797
      0.6848      -0.5366
      0.6924      -0.4417
      0.6999      -0.3659
      0.7075      -0.3089
      0.7151       -0.271
      0.7226       -0.252
      0.7302       -0.252
      0.7377        -0.29
      0.7453      -0.3279
      0.7529      -0.3848
      0.7604      -0.4417
       0.768      -0.5176
      0.7755      -0.5556
      0.7831      -0.5935
      0.7907      -0.6314
      0.7982      -0.6694
      0.8058      -0.6883
      0.8134      -0.6504
      0.8209      -0.5935
      0.8285      -0.5366
       0.836      -0.4417
      0.8436      -0.3659
      0.8512      -0.3089
      0.8587      -0.2331
      0.8663      -0.1951
      0.8814      -0.1382
       0.889      -0.1003
      0.9041     -0.06233
      0.9117     -0.06233
      0.9192     -0.04336
      0.9343     -0.00542
      0.9419      0.05149
      0.9495      0.08943
       0.957       0.1274
      0.9721       0.2033
      0.9797       0.2222
      0.9948       0.2791
       1.002       0.2791
       1.018       0.2602
       1.025       0.2412
       1.033       0.2412
        1.04       0.2033
       1.048       0.1653
       1.055       0.1084
       1.063      0.07046
        1.07      0.07046
       1.086       0.1274
       1.093       0.1653
       1.101       0.2222
       1.108       0.3171
       1.116       0.4309
       1.123       0.5827
       1.123       0.4878
       1.131       0.6965
       1.138       0.8293
       1.146       0.9241
       1.161       0.8862
       1.169       0.8103
       1.176       0.7344
       1.184       0.6965
       1.191       0.6585
       1.199       0.6206
       1.207       0.5827
       1.214       0.5447
       1.214       0.4878
       1.222       0.4309
       1.229       0.2602
       1.237      0.05149
       1.244      -0.1762
       1.252      -0.3279
       1.259      -0.4038
       1.267      -0.3659
       1.275      -0.3279
       1.282      -0.3089
       1.297      -0.3089
       1.312      -0.3279
        1.32        -0.29
       1.328       -0.271
       1.343      -0.1572
        1.35      -0.1003
       1.373      -0.0813
        1.38     -0.06233
       1.388      0.03252
       1.388     -0.02439
       1.396      0.08943
       1.403       0.1843
       1.411       0.2602
       1.418       0.3171
       1.426        0.336
       1.441       0.2981
       1.449       0.2791
       1.464       0.2412
       1.471       0.2222
       1.479       0.1843
       1.486       0.1463
       1.494       0.1084
       1.501      0.07046
       1.509     -0.02439
       1.517     -0.06233
       1.524      -0.1382
       1.532      -0.2141
       1.539       -0.271
       1.547      -0.3279
       1.554      -0.3848
       1.562      -0.4607
       1.569      -0.5366
       1.577      -0.6125
       1.585      -0.6694
       1.592      -0.7263
         1.6      -0.7642
       1.607      -0.7832
       1.622      -0.7832
        1.63      -0.7453
       1.638      -0.6883
       1.645      -0.6125
       1.653      -0.4797
       1.653      -0.5366
        1.66      -0.4228
       1.668      -0.3469
       1.675       -0.252
       1.683      -0.1572
        1.69     -0.04336
       1.698      0.07046
       1.698     -0.00542
       1.706       0.1653
       1.713       0.2602
       1.721        0.355
       1.728       0.4119
       1.736       0.4688
       1.751       0.4878
       1.759       0.4878
       1.766       0.4499
       1.781        0.374
       1.789        0.336
       1.796       0.2981
       1.804       0.2412
       1.811       0.2033
       1.819       0.1843
       1.834       0.1653
       1.842       0.1653
       1.849       0.1653
       1.864       0.2981
       1.872       0.5257
       1.879        1.019
       1.879       0.8103
       1.887        1.133
       1.887        0.981
       1.895        1.247
       1.902         1.19
        1.91        1.019
       1.917       0.8103
       1.925       0.6396
       1.932       0.5068
        1.94       0.4119
       1.948        0.336
       1.955       0.2412
       1.963       0.1084
        1.97      0.05149
        1.97     -0.02439
       1.978      -0.0813
       1.985      -0.1192
           2      -0.0813
       2.008     -0.02439
       2.016     -0.00542
       2.038     -0.00542
       2.046     -0.00542
       2.053     -0.00542
       2.069     -0.02439
       2.076     -0.02439
       2.091     -0.00542
       2.099      0.03252
       2.106      0.05149
       2.121       0.1084
       2.129       0.1463
       2.144       0.2033
       2.152       0.2222
       2.167       0.2033
       2.174       0.1653
       2.182       0.1274
        2.19      0.08943
       2.205      0.03252
       2.212     -0.00542
       2.227     -0.00542
       2.235      0.03252
        2.25      0.08943
       2.258       0.1274
       2.265       0.1653
        2.28       0.2033
       2.288       0.2033
       2.303       0.1843
        2.31       0.1653
       2.318       0.1463
       2.333       0.1084
       2.341       0.1084
       2.348       0.1084
       2.363       0.1084
       2.371      0.08943
       2.386      0.05149
       2.394     -0.00542
       2.401     -0.04336
       2.409      -0.0813
       2.424      -0.1382
       2.439      -0.1762
       2.447      -0.2141
       2.454       -0.252
       2.469      -0.3279
       2.477      -0.3469
       2.484      -0.4038
         2.5      -0.4607
       2.507      -0.4986
       2.522      -0.5366
        2.53      -0.5556
       2.537      -0.5366
       2.552      -0.4986
        2.56      -0.4607
       2.568      -0.4228
       2.575      -0.3848
       2.583      -0.3279
        2.59        -0.29
       2.598       -0.252
       2.605      -0.1951
       2.613      -0.1572
       2.621      -0.1003
       2.628     -0.06233
       2.636     -0.00542
       2.643      0.05149
       2.651      0.07046
       2.658       0.1084
       2.666       0.1274
       2.681       0.1463
       2.689       0.1463
       2.704       0.1274
       2.711       0.1084
       2.726      0.08943
       2.741      0.05149
       2.749      0.03252
       2.764     -0.00542
       2.772     -0.02439
       2.787     -0.04336
       2.802     -0.04336
        2.81     -0.04336
       2.817     -0.00542
       2.832      0.05149
        2.84      0.07046
       2.847       0.1084
       2.855       0.1463
        2.87       0.2033
       2.878       0.2412
       2.885       0.2602
         2.9       0.3171
       2.908       0.3171
       2.923       0.3171
       2.931       0.3171
       2.946       0.2981
       2.961       0.2412
       2.968       0.2222
       2.983       0.1843
       2.991       0.1653
       3.006       0.1274
       3.014      0.08943
       3.029      0.05149
       3.036     -0.00542
       3.044     -0.00542
       3.059     -0.04336
       3.067     -0.06233
       3.082      -0.1192
       3.089      -0.1572
       3.104      -0.2141
       3.112      -0.2331
        3.12      -0.2331
       3.135       -0.252
       3.142       -0.271
        3.15      -0.3279
       3.157      -0.3659
       3.165      -0.3848
       3.172      -0.3848
       3.188      -0.3659
       3.195      -0.3659
       3.203      -0.3469
       3.218      -0.3659
       3.225      -0.3659
       3.241      -0.4038
       3.248      -0.4228
       3.263      -0.4228
       3.271      -0.4417
       3.278      -0.4417
       3.293      -0.5176
       3.301      -0.5556
       3.309      -0.6314
       3.316      -0.6883
       3.324      -0.7073
       3.331      -0.6883
       3.339      -0.6125
       3.346      -0.4986
       3.354      -0.3848
       3.362       -0.271
       3.369      -0.1951
       3.377      -0.1382
       3.384      -0.1003
       3.392     -0.06233
       3.399     -0.04336
       3.414     -0.04336
       3.422     -0.06233
        3.43      -0.1003
       3.437      -0.1572
       3.445      -0.1951
       3.452      -0.2331
       3.467       -0.271
       3.482      -0.3089
        3.49      -0.3279
       3.498      -0.3279
       3.513      -0.3279
        3.52        -0.29
       3.528       -0.252
       3.535      -0.1951
       3.543      -0.1192
       3.551     -0.04336
       3.558      0.05149
       3.566       0.1084
       3.573       0.1653
       3.581       0.2222
       3.588       0.2791
       3.596        0.355
       3.603       0.4309
       3.611       0.4878
       3.619       0.5447
       3.626       0.5827
       3.634       0.6206
       3.649       0.6396
       3.656       0.6206
       3.664       0.6016
       3.672       0.5637
       3.679       0.5068
       3.687       0.4499
       3.694       0.4119
       3.702        0.374
       3.709        0.336
       3.717       0.3171
       3.732       0.2791
        3.74       0.2602
       3.755       0.2602
        3.77       0.2412
       3.777       0.2412
       3.785       0.2602
         3.8       0.2981
       3.808       0.3171
       3.823        0.355
        3.83        0.336
       3.838       0.3171
       3.845       0.2791
       3.861       0.2222
       3.868       0.2033
       3.876       0.1653
       3.883       0.1084
       3.891      0.07046
       3.898      0.05149
       3.906     -0.00542
       3.913     -0.00542
       3.921     -0.04336
       3.929     -0.06233
       3.936      -0.1003
       3.944      -0.1382
       3.951      -0.1762
       3.966      -0.2141
       3.974       -0.252
       3.989        -0.29
       3.997      -0.3089
       4.004      -0.3089
       4.019      -0.3469
       4.027      -0.3469
       4.034      -0.3279
        4.05      -0.3089
       4.065       -0.271
        4.08      -0.2331
       4.087      -0.2141
       4.095      -0.1762
       4.103      -0.1382
        4.11      -0.0813
       4.118     -0.02439
       4.125      0.05149
       4.133      0.08943
        4.14       0.1274
       4.148       0.1843
       4.155       0.2412
       4.163       0.2981
       4.171        0.393
       4.178       0.5257
       4.178       0.4688
       4.186       0.5827
       4.193       0.6775
       4.201       0.7913
       4.208       0.9051
       4.216            1
       4.223        1.095
       4.231        1.171
       4.239        1.247
       4.246        1.285
       4.261        1.247
       4.269        1.171
       4.276        1.076
       4.284        1.019
       4.284       0.9431
       4.292       0.8672
       4.299       0.7724
       4.307       0.6965
       4.314       0.6016
       4.322       0.5257
       4.329       0.4499
       4.337        0.393
       4.344        0.336
       4.352       0.2791
        4.36       0.2222
       4.367       0.1653
       4.375       0.1274
       4.382      0.08943
       4.397      0.05149
       4.405      0.03252
       4.428     -0.00542
       4.435     -0.00542
       4.443     -0.00542
        4.45     -0.04336
       4.458      -0.0813
       4.465      -0.1192
       4.473      -0.1762
       4.481       -0.252
       4.488      -0.3279
       4.496      -0.3848
       4.503      -0.4417
       4.511      -0.4986
       4.518      -0.5366
       4.526      -0.5745
       4.541      -0.6125
       4.549      -0.6314
       4.564      -0.6883
       4.579      -0.7453
       4.586      -0.7642
       4.594      -0.8022
       4.602      -0.8211
       4.617      -0.8591
       4.624       -0.897
       4.632       -0.897
       4.647       -0.916
       4.662       -0.916
       4.677       -0.897
       4.685       -0.878
       4.692      -0.8401
         4.7      -0.7832
       4.707      -0.7263
       4.715      -0.6504
       4.723      -0.5556
        4.73      -0.4228
        4.73      -0.5176
       4.738      -0.3089
       4.745      -0.1762
       4.753      0.03252
       4.753     -0.06233
        4.76       0.1084
       4.768       0.2412
       4.775        0.374
       4.783       0.5068
       4.791       0.6016
       4.798       0.6775
       4.806       0.7344
       4.813       0.7724
       4.821       0.8103
       4.836       0.8482
       4.844       0.8482
       4.851       0.8672
       4.866       0.8482
       4.874       0.8293
       4.881       0.7724
       4.889       0.7344
       4.896       0.6775
       4.904       0.6016
       4.912       0.5637
       4.912       0.5257
       4.912       0.4878
       4.919       0.4499
       4.927       0.4119
       4.927        0.355
       4.934       0.2981
       4.942       0.2412
       4.949       0.1653
       4.957       0.1084
       4.965      0.05149
       4.972      0.01355
        4.98     -0.02439
       4.995     -0.06233
       5.002      -0.1003
       5.017      -0.1572
       5.025      -0.1951
        5.04      -0.2331
       5.048       -0.271
       5.063      -0.3089
        5.07      -0.3089
       5.085        -0.29
       5.101       -0.271
       5.108       -0.252
       5.123       -0.252
       5.131      -0.2331
       5.146      -0.2331
       5.154      -0.2331
       5.161      -0.2331
       5.176       -0.252
       5.184       -0.252
       5.199       -0.252
       5.206      -0.2331
       5.222      -0.1951
       5.229      -0.1762
       5.244      -0.1572
       5.252      -0.1572
       5.267      -0.1572
       5.275      -0.1572
       5.282      -0.1572
       5.297      -0.1762
       5.305      -0.1762
       5.312      -0.1572
        5.32      -0.1003
       5.327     -0.04336
       5.335     -0.00542
       5.343      0.03252
        5.35      0.05149
       5.365      0.01355
       5.373     -0.00542
        5.38      0.03252
       5.388      0.07046
       5.395       0.1084
       5.403       0.1463
       5.411       0.1084
       5.418      0.05149
       5.418     -0.00542
       5.426     -0.02439
       5.433      -0.0813
       5.441      -0.1003
       5.448      -0.0813
       5.464     -0.04336
       5.471     -0.02439
       5.486     -0.00542
       5.494      0.01355
       5.509     -0.00542
       5.516     -0.02439
       5.524     -0.06233
       5.532      -0.1192
       5.539      -0.1762
       5.547      -0.2141
       5.554      -0.2331
       5.569       -0.252
       5.577      -0.2331
       5.592      -0.2331
         5.6       -0.252
       5.615      -0.2331
        5.63      -0.2141
       5.637      -0.1762
       5.653      -0.1192
        5.66      -0.0813
       5.668     -0.02439
       5.675      0.05149
       5.675     -0.00542
       5.683       0.1274
        5.69       0.2033
       5.698       0.2981
       5.706        0.393
       5.713       0.4499
       5.721       0.5637
       5.728       0.6016
       5.736       0.6396
       5.743       0.6585
       5.751       0.6775
       5.766       0.6585
       5.774       0.6206
       5.781       0.5637
       5.789       0.5257
       5.789       0.4688
       5.796       0.4119
       5.804        0.336
       5.811       0.2981
       5.826       0.2602
       5.834       0.2791
       5.849       0.2791
       5.857       0.2791
       5.872       0.2602
       5.879       0.2602
       5.887       0.2602
       5.902       0.2222
        5.91       0.2033
       5.925       0.1653
       5.932       0.1463
       5.947       0.1463
       5.955       0.1274
       5.963       0.1274
        5.97      0.08943
       5.985      0.03252
       5.993     -0.00542
       6.008     -0.02439
       6.016     -0.00542
       6.023      0.07046
       6.031       0.1653
       6.038       0.2981
       6.046        0.393
       6.061        0.355
       6.068       0.2602
       6.076       0.1653
       6.084      0.07046
       6.091     -0.02439
       6.099      -0.0813
       6.106      -0.1382
       6.114      -0.1951
       6.121       -0.252
       6.129      -0.3089
       6.137      -0.3469
       6.144      -0.3848
       6.159      -0.4417
       6.167      -0.4607
       6.174      -0.5176
       6.182      -0.5176
       6.197      -0.5556
       6.205      -0.5745
       6.212      -0.5556
       6.227      -0.5556
       6.235      -0.5366
        6.25      -0.4986
       6.257      -0.4797
       6.265      -0.4417
       6.273      -0.4038
        6.28      -0.3848
       6.295      -0.3089
       6.303       -0.271
        6.31      -0.2331
       6.318      -0.2141
       6.326      -0.1762
       6.333      -0.1382
       6.341      -0.1003
       6.348      -0.0813
       6.356     -0.04336
       6.363     -0.02439
       6.378     -0.00542
       6.386      0.03252
       6.401      0.05149
       6.409      0.07046
       6.424      0.08943
       6.431      0.08943
       6.447      0.08943
       6.462      0.07046
       6.469      0.07046
       6.477      0.07046
       6.492      0.05149
       6.499      0.05149
       6.515      0.03252
       6.522      0.03252
       6.537      0.03252
       6.545      0.05149
       6.552      0.07046
       6.567      0.08943
       6.575      0.08943
        6.59       0.1084
       6.605       0.1274
       6.613       0.1274
        6.62       0.1463
       6.636       0.1274
       6.643       0.1274
       6.651       0.1274
       6.666       0.1274
       6.673       0.1084
       6.688       0.1084
       6.704      0.08943
       6.711      0.07046
       6.726      0.05149
       6.734      0.05149
       6.749      0.05149
       6.757      0.05149
       6.764      0.07046
       6.779      0.07046
       6.787      0.08943
       6.802       0.1084
       6.809       0.1274
       6.825       0.1463
       6.832       0.1463
       6.847       0.1463
       6.862       0.1274
        6.87       0.1084
       6.885      0.08943
       6.893      0.08943
       6.908      0.07046
       6.915      0.07046
        6.93      0.07046
       6.938      0.07046
       6.953      0.07046
       6.961      0.07046
       6.976      0.07046
       6.983      0.05149
       6.998      0.05149
       7.006      0.05149
       7.021      0.05149
       7.029      0.05149
       7.044      0.05149
       7.059      0.05149
       7.074      0.05149
       7.082      0.05149
       7.097      0.05149
       7.104      0.03252
       7.127      0.01355
       7.135     -0.00542
        7.15     -0.02439
       7.157     -0.02439
       7.172     -0.02439
       7.188     -0.04336
       7.195     -0.04336
       7.203     -0.04336
       7.218     -0.06233
       7.225      -0.0813
        7.24      -0.1003
       7.248      -0.1003
       7.263      -0.1382
       7.271      -0.1572
       7.278      -0.1572
       7.293      -0.1951
       7.301      -0.1951
       7.316      -0.1951
       7.324      -0.1762
       7.331      -0.1382
       7.346      -0.0813
       7.354     -0.06233
       7.369     -0.02439
       7.377     -0.00542
       7.392      0.03252
       7.399      0.05149
       7.407      0.07046
       7.422       0.1084
       7.429       0.1274
       7.445       0.1653
       7.452       0.1653
        7.46       0.1843
       7.475       0.1843
       7.482       0.2033
       7.498       0.2033
       7.505       0.2033
        7.52       0.2033
       7.528       0.2033
       7.543       0.2033
       7.558       0.1463
       7.566       0.1084
       7.573      0.08943
       7.588      0.05149
       7.596      0.05149
       7.603      0.05149
       7.619      0.05149
       7.626      0.03252
       7.634      0.05149
       7.649      0.05149
       7.664      0.07046
       7.671      0.08943
       7.687      0.08943
       7.694      0.08943
       7.702      0.08943
       7.717      0.07046
       7.724      0.05149
       7.739     -0.00542
       7.747     -0.00542
       7.762     -0.04336
        7.77     -0.06233
       7.785      -0.1003
       7.792      -0.1192
       7.808      -0.1382
       7.823      -0.1762
        7.83      -0.2141
       7.845       -0.271
        7.86        -0.29
       7.876       -0.271
       7.891       -0.252
       7.898       -0.252
       7.913      -0.2331
       7.921      -0.2141
       7.929      -0.1951
       7.944      -0.1762
       7.951      -0.1762
       7.966      -0.1382
       7.981      -0.1192
       7.989      -0.1003
       8.004      -0.0813
       8.012      -0.0813
       8.027     -0.06233
       8.034     -0.04336
       8.057     -0.02439
       8.065     -0.02439
       8.072     -0.00542
       8.087     -0.00542
       8.095     -0.00542
        8.11     -0.00542
       8.118     -0.00542
        8.14      0.01355
       8.148      0.01355
       8.193      0.03252
       8.201      0.03252
       8.223      0.01355
       8.239     -0.00542
       8.254     -0.02439
       8.261     -0.04336
       8.276     -0.04336
       8.284       0.1274
       8.284     -0.00542
       8.291       0.3171
       8.299       0.5827
       8.299       0.4499
       8.307       0.6206
       8.314       0.5827
       8.314       0.4688
       8.322        0.374
       8.329       0.2222
       8.337      0.08943
       8.344      0.01355
       8.352     -0.02439
        8.36     -0.06233
       8.367      -0.1192
       8.375      -0.1951
       8.382        -0.29
        8.39      -0.3279
       8.397      -0.3089
       8.405       -0.252
       8.412      -0.1762
        8.42      -0.1003
       8.428     -0.06233
       8.435     -0.02439
        8.45     -0.00542
       8.458      0.01355
       8.473      0.07046
       8.488       0.1084
       8.496       0.1463
       8.503       0.1843
       8.511       0.2222
       8.518       0.2791
       8.526       0.3171
       8.533        0.374
       8.541       0.4309
       8.549       0.4688
       8.556       0.5068
       8.571       0.5447
       8.579       0.5257
       8.586       0.4878
       8.594       0.4499
       8.601        0.393
       8.609        0.336
       8.617       0.2791
       8.624       0.2222
       8.632       0.1843
       8.639       0.1653
       8.662       0.1084
        8.67      0.08943
       8.685      0.07046
       8.692      0.07046
       8.707      0.07046
       8.722      0.05149
        8.73      0.05149
       8.745      0.03252
       8.753     -0.00542
       8.768     -0.00542
       8.783     -0.02439
       8.791     -0.04336
       8.806     -0.04336
       8.821     -0.06233
       8.828     -0.06233
       8.843     -0.06233
       8.859      -0.0813
       8.866      -0.0813
       8.874      -0.0813
       8.889      -0.1003
       8.896      -0.1192
       8.911      -0.1192
       8.927      -0.1382
       8.934      -0.1382
       8.942      -0.1382
       8.957      -0.1572
       8.964      -0.1572
