     0.01186      -0.1355
     0.03454     -0.09746
     0.05723     -0.05942
     0.07235     -0.05942
     0.09503      0.05471
     0.09503     -0.02137
      0.1026       0.1118
      0.1102       0.1879
      0.1102       0.1118
      0.1404        0.283
       0.148         0.34
      0.1631       0.3591
      0.1706       0.3971
      0.1858         0.34
      0.1933        0.302
      0.2236       0.1498
      0.2311       0.1498
      0.2311       0.1118
      0.2387      0.09275
      0.2538      0.03569
      0.2614      0.03569
      0.2614     -0.05942
      0.2689     -0.05942
      0.2689      -0.2116
      0.2765      -0.4018
      0.2841      -0.4018
      0.2841       -0.611
      0.2916       -0.611
      0.2916      -0.8012
      0.2992      -0.8012
      0.2992      -0.9534
      0.3067      -0.9534
      0.3067       -1.049
      0.3219       -1.068
       0.337      -0.9154
      0.3446      -0.8393
      0.3446      -0.9154
      0.3521      -0.7442
      0.3521      -0.8393
      0.3597      -0.6301
      0.3597      -0.7442
      0.3672      -0.5349
      0.3672      -0.6301
      0.3748      -0.4398
      0.3748      -0.5349
      0.3824      -0.3638
      0.3824      -0.4398
      0.3899      -0.2877
      0.3899      -0.3638
      0.3975      -0.2116
      0.3975      -0.2877
       0.405     -0.09746
       0.405      -0.2116
      0.4126    -0.002352
      0.4126     -0.09746
      0.4202       0.1118
      0.4202    -0.002352
      0.4277       0.2069
      0.4277       0.1118
      0.4353        0.302
      0.4353       0.2069
      0.4429        0.302
      0.4504       0.4351
      0.4504       0.3591
       0.458       0.4351
      0.4655       0.5873
      0.4731       0.5873
      0.4882       0.6444
      0.4958       0.5873
      0.5109       0.4161
       0.526       0.3591
      0.5487        0.302
      0.5563        0.283
       0.579       0.1308
      0.5865       0.1308
      0.5865      0.07373
      0.5941      0.07373
      0.6016     -0.05942
      0.6092     -0.05942
      0.6092      -0.1165
      0.6168      -0.1165
      0.6243      -0.1545
      0.6243      -0.1926
      0.6319      -0.2306
      0.6394      -0.2306
      0.6394      -0.2877
       0.647      -0.2877
       0.647      -0.3447
      0.6546      -0.3447
      0.6546      -0.4018
      0.6621      -0.4208
      0.6773      -0.3828
      0.6924      -0.3638
      0.6999      -0.3067
      0.7075      -0.2687
      0.7226      -0.2496
      0.7302      -0.2116
      0.7453     -0.04039
      0.7529     -0.04039
       0.768       0.1498
       0.768      0.07373
      0.7755       0.2259
      0.7755       0.1498
      0.7831        0.283
      0.7831       0.2259
      0.7907         0.34
      0.7907        0.283
      0.7982         0.34
      0.8058       0.4161
      0.8058       0.3781
      0.8134       0.4351
      0.8436       0.4351
      0.8512       0.3971
      0.8587       0.3591
      0.8663       0.3591
      0.8663        0.302
      0.8814       0.2069
      0.8965       0.1688
      0.9041       0.1308
      0.9041      0.09275
      0.9192      0.05471
      0.9268     -0.04039
      0.9343     -0.07844
      0.9419      -0.1165
      0.9495      -0.1165
       0.957      -0.1735
       0.957      -0.2496
      0.9646      -0.3257
      0.9721      -0.3257
      0.9873      -0.3638
      0.9948      -0.2877
      0.9948      -0.3638
       1.002      -0.1926
       1.002      -0.2877
        1.01     -0.09746
        1.01      -0.1926
       1.018     -0.09746
       1.025       0.1118
       1.033       0.1688
       1.033      0.09275
        1.04       0.2259
        1.04       0.1688
       1.048       0.2259
       1.055       0.2639
       1.063        0.302
       1.078        0.283
       1.078       0.2449
       1.086       0.1879
       1.093       0.1879
       1.093      0.09275
       1.101      0.09275
       1.108     -0.05942
       1.123     -0.09746
       1.146     -0.07844
       1.161     -0.05942
       1.169     -0.02137
       1.176     -0.02137
       1.191     -0.04039
       1.199      0.03569
       1.207       0.1308
       1.207      0.03569
       1.214       0.2259
       1.214       0.1308
       1.222        0.302
       1.222       0.2259
       1.229       0.3781
       1.229        0.302
       1.237       0.4351
       1.237       0.3781
       1.244       0.4732
       1.267       0.4732
       1.275       0.4161
       1.282       0.3591
       1.297       0.2639
       1.305       0.2639
       1.305       0.2069
        1.32       0.1308
        1.32      0.03569
       1.328      0.05471
       1.328     -0.05942
       1.335     -0.05942
       1.335      -0.1545
        1.35      -0.2306
       1.358      -0.2877
       1.365      -0.3257
       1.365      -0.3638
       1.373      -0.4018
       1.396      -0.4398
       1.403      -0.5159
       1.411      -0.5159
       1.411       -0.573
       1.418       -0.573
       1.418      -0.6301
       1.433      -0.6681
       1.449       -0.554
       1.456      -0.4589
       1.456       -0.554
       1.464      -0.3447
       1.464      -0.4589
       1.471      -0.1926
       1.471      -0.3447
       1.479     -0.04039
       1.479      -0.1926
       1.486       0.1498
       1.486     -0.04039
       1.494        0.302
       1.494       0.1308
       1.501       0.4161
       1.501        0.302
       1.509       0.4161
       1.524       0.6063
       1.532       0.6444
       1.532       0.6063
       1.539       0.6444
       1.562       0.7205
       1.569       0.6634
       1.577       0.6634
       1.577       0.5683
       1.585       0.5683
       1.585       0.4922
       1.592       0.3971
         1.6       0.3971
         1.6        0.283
       1.607        0.283
       1.607       0.1498
       1.615       0.1498
       1.615    -0.002352
       1.622    -0.002352
       1.622      -0.1165
        1.63      -0.2306
       1.638      -0.2306
       1.638      -0.3447
       1.645      -0.3257
       1.645      -0.4398
       1.653      -0.4398
       1.653      -0.5349
        1.66      -0.6301
       1.668      -0.6301
       1.668      -0.7252
       1.675      -0.7252
       1.675      -0.8012
       1.683      -0.8012
       1.683      -0.8773
        1.69      -0.8773
        1.69      -0.9344
       1.706      -0.8583
       1.706      -0.9154
       1.721      -0.6491
       1.721      -0.7822
       1.728      -0.5159
       1.728      -0.6491
       1.736      -0.3447
       1.736      -0.5159
       1.743      -0.1926
       1.743      -0.3447
       1.751     -0.05942
       1.751      -0.1926
       1.759      0.05471
       1.759     -0.05942
       1.766       0.1688
       1.766      0.05471
       1.774       0.2639
       1.774       0.1688
       1.781       0.3591
       1.781       0.2639
       1.789       0.4351
       1.789       0.3591
       1.796       0.4922
       1.796       0.4351
       1.804       0.4922
       1.811       0.5873
       1.819       0.6254
       1.819       0.5873
       1.827       0.6254
       1.834       0.6634
       1.842       0.5873
       1.849       0.5873
       1.849       0.4922
       1.857       0.3781
       1.864       0.3781
       1.864       0.2639
       1.872       0.2639
       1.872       0.1688
       1.879       0.1688
       1.879      0.07373
       1.887      0.07373
       1.902    -0.002352
       1.917     -0.09746
       1.925      -0.1735
       1.932      -0.1735
       1.932      -0.2306
        1.94      -0.2306
       1.948      -0.2877
       1.955      -0.3257
       1.978      -0.3067
       1.993      -0.1926
       2.016     -0.09746
       2.016      -0.1545
       2.023     -0.04039
       2.031      0.05471
       2.031     -0.04039
       2.038       0.1308
       2.038      0.05471
       2.046       0.2069
       2.046       0.1308
       2.053        0.283
       2.053       0.2069
       2.061        0.283
       2.069       0.3591
       2.091        0.321
       2.091       0.2639
       2.106       0.2069
       2.106       0.1498
       2.121       0.1308
       2.121      0.09275
       2.129      0.05471
       2.137      0.05471
       2.137    -0.002352
       2.144    -0.002352
       2.152     -0.05942
       2.152      -0.1355
       2.159      -0.2116
       2.167      -0.2116
       2.167      -0.3257
       2.174      -0.3257
       2.174      -0.4398
       2.182       -0.573
        2.19       -0.573
        2.19      -0.6871
       2.197      -0.6871
       2.205      -0.7442
       2.212      -0.7632
        2.22       -0.611
        2.22      -0.7252
       2.227      -0.5159
       2.227      -0.6301
       2.235      -0.3447
       2.235      -0.5159
       2.242      -0.1926
       2.242      -0.3447
        2.25     -0.04039
        2.25      -0.1926
       2.258       0.1118
       2.258     -0.04039
       2.265       0.2639
       2.265       0.1118
       2.273       0.3971
       2.273       0.2449
        2.28       0.3971
       2.288       0.6254
       2.295       0.7205
       2.295       0.6254
       2.303       0.8156
       2.303       0.7205
       2.318       0.9107
       2.326        1.082
       2.333        1.158
       2.333        1.082
       2.341        1.234
       2.341        1.158
       2.348        1.272
       2.356        1.291
       2.363        1.253
       2.371        1.253
       2.371        1.196
       2.379        1.196
       2.379         1.12
       2.386         1.12
       2.394        1.025
       2.394       0.8917
       2.401       0.7395
       2.409       0.7395
       2.409       0.5683
       2.416       0.5683
       2.416       0.3971
       2.424       0.3971
       2.424       0.1879
       2.431     -0.02137
       2.439     -0.02137
       2.439      -0.2496
       2.447      -0.2496
       2.447      -0.4589
       2.454      -0.4589
       2.454      -0.6681
       2.462      -0.8203
       2.469      -0.8203
       2.469      -0.9534
       2.477      -0.9534
       2.477       -1.049
       2.484       -1.163
       2.492       -1.163
       2.492       -1.277
         2.5        -1.41
       2.507        -1.41
       2.522       -1.581
        2.53       -1.562
       2.537       -1.467
       2.537       -1.562
       2.545       -1.334
       2.545       -1.467
       2.552       -1.163
       2.552       -1.334
        2.56        -1.01
        2.56       -1.163
       2.568      -0.8393
       2.568        -1.01
       2.575      -0.6871
       2.575      -0.8393
       2.583      -0.5349
       2.583      -0.6871
        2.59      -0.3828
        2.59      -0.5349
       2.598      -0.2116
       2.598      -0.3828
       2.605     -0.05942
       2.605      -0.2116
       2.613       0.1118
       2.613     -0.05942
       2.621       0.2639
       2.621       0.1118
       2.628       0.4351
       2.628       0.2639
       2.636       0.6063
       2.636       0.4351
       2.643       0.7775
       2.643       0.6063
       2.651       0.9297
       2.651       0.7775
       2.658        1.082
       2.658       0.9297
       2.666        1.196
       2.666        1.082
       2.673        1.272
       2.673        1.196
       2.681        1.272
       2.689         1.31
       2.719        1.158
       2.719        1.063
       2.726       0.8917
       2.734       0.8917
       2.734       0.7205
       2.741       0.7205
       2.741       0.5683
       2.749       0.5683
       2.749       0.3971
       2.757       0.3971
       2.757       0.2639
       2.764       0.2639
       2.764      0.09275
       2.772      0.09275
       2.772     -0.05942
       2.779     -0.05942
       2.779      -0.1735
       2.787      -0.1735
       2.787      -0.2306
        2.81      -0.2116
       2.832      -0.2687
       2.832      -0.3447
        2.87      -0.4018
       2.885      -0.3828
       2.893      -0.3447
         2.9      -0.3067
       2.908      -0.2496
       2.908      -0.3067
       2.923     -0.09746
       2.923      -0.1926
       2.931     -0.02137
       2.931     -0.09746
       2.938      0.07373
       2.938     -0.02137
       2.946       0.1498
       2.946      0.07373
       2.953       0.2259
       2.953       0.1498
       2.961       0.2259
       2.968         0.34
       2.983         0.34
       2.999        0.302
       3.006       0.2449
       3.014       0.2449
       3.014       0.1498
       3.021       0.1498
       3.021      0.07373
       3.036    -0.002352
       3.036     -0.05942
       3.044     -0.09746
       3.051     -0.09746
       3.051      -0.1355
       3.059      -0.1545
       3.074      -0.1735
       3.082      -0.1926
       3.089      -0.2496
       3.127      -0.3638
       3.135      -0.4018
       3.142      -0.3828
       3.157      -0.3828
       3.172      -0.4779
        3.18      -0.5349
       3.188      -0.5349
       3.218       -0.592
       3.241       -0.554
       3.248       -0.554
       3.256      -0.4589
       3.256      -0.5159
       3.263      -0.3828
       3.263      -0.4589
       3.271      -0.2877
       3.271      -0.3828
       3.278      -0.1926
       3.278      -0.2877
       3.286     -0.09746
       3.286      -0.1926
       3.293     -0.09746
       3.301       0.1498
       3.316       0.3781
       3.316       0.2639
       3.324       0.4732
       3.324       0.3781
       3.331       0.5683
       3.331       0.4732
       3.339       0.6254
       3.339       0.5493
       3.346       0.6254
       3.369       0.7395
       3.392       0.6824
       3.407       0.6444
       3.407       0.5873
       3.422       0.5493
       3.445       0.4351
       3.467       0.4542
       3.475       0.4922
       3.505       0.4922
       3.505       0.4351
        3.52         0.34
        3.52       0.1879
       3.528       0.1879
       3.528    -0.002352
       3.535    -0.002352
       3.535      -0.1545
       3.543      -0.3067
       3.551      -0.3067
       3.551      -0.4398
       3.558      -0.4398
       3.558       -0.573
       3.566       -0.573
       3.566      -0.7252
       3.573      -0.7252
       3.573      -0.8583
       3.581      -0.8583
       3.581      -0.9534
       3.588      -0.9534
       3.596        -1.01
       3.611        -1.01
       3.619      -0.9534
       3.619        -1.01
       3.626      -0.8393
       3.626      -0.9534
       3.634      -0.7061
       3.634      -0.8393
       3.641       -0.554
       3.641      -0.7061
       3.649      -0.4018
       3.649       -0.554
       3.656      -0.2306
       3.656      -0.4018
       3.664     -0.07844
       3.664      -0.2306
       3.672      0.05471
       3.672     -0.07844
       3.679       0.1688
       3.679      0.05471
       3.687        0.283
       3.687       0.1688
       3.694       0.3781
       3.694        0.283
       3.702       0.4732
       3.702       0.3781
       3.717       0.6063
       3.717       0.5302
       3.724       0.6824
       3.724       0.6063
       3.732       0.7395
       3.732       0.6824
       3.747       0.7585
       3.755       0.7775
        3.77       0.8156
       3.785       0.8156
         3.8       0.7965
       3.815       0.7585
       3.815       0.7205
       3.838       0.6254
       3.845       0.5683
       3.853       0.4542
       3.861       0.4542
       3.861       0.3971
       3.868        0.302
       3.876        0.302
       3.876       0.1879
       3.883       0.1879
       3.883      0.05471
       3.891      -0.1165
       3.898      -0.1165
       3.898      -0.3067
       3.906      -0.3067
       3.906      -0.5159
       3.921      -0.7252
       3.921      -0.9534
       3.929      -0.9534
       3.929       -1.201
       3.936       -1.201
       3.936       -1.429
       3.944       -1.429
       3.944       -1.581
       3.951       -1.581
       3.951       -1.657
       3.959       -1.638
       3.959       -1.676
       3.966       -1.562
       3.966       -1.657
       3.974        -1.41
       3.974       -1.562
       3.982       -1.239
       3.982        -1.41
       3.989       -1.049
       3.989       -1.239
       3.997      -0.8393
       3.997       -1.049
       4.004      -0.6301
       4.004      -0.8393
       4.012      -0.3828
       4.012      -0.6301
       4.019      -0.1355
       4.019      -0.3828
       4.027      0.05471
       4.027      -0.1355
       4.034       0.2259
       4.034      0.05471
       4.042         0.34
       4.042       0.2259
        4.05       0.4351
        4.05         0.34
       4.057       0.5302
       4.057       0.4351
       4.065       0.6063
       4.065       0.5302
       4.072       0.6824
       4.072       0.6063
        4.08       0.7395
        4.08       0.6824
       4.087       0.7965
       4.087       0.7395
       4.095       0.8346
       4.095       0.7965
       4.125       0.7395
       4.133       0.7395
       4.133       0.6634
        4.14       0.6634
        4.14       0.5873
       4.148       0.5873
       4.155       0.4542
       4.163       0.4542
       4.171       0.3971
       4.171         0.34
       4.178        0.283
       4.186       0.2449
       4.208       0.2069
       4.231       0.1688
       4.239       0.1308
       4.246      0.07373
       4.254      0.07373
       4.254     -0.02137
       4.261    -0.002352
       4.261     -0.09746
       4.269     -0.09746
       4.269      -0.1926
       4.276      -0.1926
       4.276      -0.2877
       4.284      -0.2877
       4.284      -0.3638
       4.292      -0.3638
       4.292      -0.4589
       4.299      -0.4589
       4.299      -0.5349
       4.307      -0.5349
       4.307       -0.611
       4.322      -0.6491
       4.337       -0.592
       4.337      -0.6491
       4.344      -0.5349
       4.344       -0.592
       4.352      -0.4398
       4.352      -0.5349
        4.36      -0.3638
        4.36      -0.4589
       4.367      -0.2687
       4.367      -0.3638
       4.375      -0.1545
       4.375      -0.2687
       4.382     -0.04039
       4.382      -0.1545
        4.39      0.07373
        4.39     -0.04039
       4.397       0.1498
       4.397      0.05471
       4.405       0.1498
       4.413        0.283
        4.42         0.34
       4.435       0.3781
       4.443       0.4161
        4.45       0.4161
       4.458       0.3781
       4.465       0.3781
       4.465        0.283
       4.473        0.283
       4.473       0.1688
       4.481       0.1688
       4.481      0.05471
       4.488     -0.05942
       4.496     -0.05942
       4.503      -0.1355
       4.503      -0.1926
       4.518      -0.2116
       4.526      -0.2306
       4.534      -0.2687
       4.549      -0.3067
       4.564      -0.3257
       4.564      -0.3638
       4.624      -0.3638
       4.639      -0.3638
       4.654      -0.3067
       4.662      -0.1545
        4.67     -0.04039
        4.67      -0.1545
       4.677      0.09275
       4.677     -0.04039
       4.685       0.2259
       4.685      0.09275
       4.692       0.3591
       4.692       0.2259
         4.7       0.4542
         4.7       0.3591
       4.715       0.5873
       4.715       0.5302
       4.723       0.6444
       4.723       0.5873
       4.745       0.6824
       4.775       0.6634
       4.775       0.6254
       4.783       0.5683
       4.791       0.5683
       4.791       0.4922
       4.798       0.4922
       4.798       0.3971
       4.806       0.2639
       4.813       0.2639
       4.813      0.07373
       4.821      -0.1165
       4.828     -0.09746
       4.828      -0.2687
       4.836      -0.2687
       4.836      -0.4018
       4.844      -0.4018
       4.859      -0.4018
       4.859      -0.4398
       4.866      -0.4018
       4.874      -0.3638
       4.881      -0.2687
       4.881      -0.3257
       4.889      -0.2116
       4.896      -0.1355
       4.896      -0.2116
       4.904     -0.05942
       4.904      -0.1355
       4.919      0.09275
       4.919      0.03569
       4.927      0.09275
       4.942       0.2259
       4.949       0.2259
       4.957        0.321
       4.965        0.321
       4.972       0.3591
        4.98       0.4351
        4.98       0.3971
        5.01       0.4351
       5.033       0.3591
       5.033        0.283
        5.04       0.1879
       5.048       0.1879
       5.048       0.1118
       5.055       0.1118
       5.055      0.03569
       5.063     -0.02137
        5.07     -0.09746
       5.078      -0.1545
       5.085      -0.2306
       5.093      -0.2306
       5.093      -0.3067
       5.101      -0.3067
       5.101      -0.3828
       5.116      -0.4779
       5.116       -0.554
       5.123      -0.6491
       5.131      -0.6491
       5.138      -0.7252
       5.138      -0.7822
       5.161      -0.7442
       5.169      -0.6681
       5.169      -0.7442
       5.176       -0.554
       5.176      -0.6681
       5.184      -0.4398
       5.184       -0.554
       5.191      -0.3257
       5.191      -0.4398
       5.199      -0.2116
       5.199      -0.3257
       5.206      -0.1355
       5.206      -0.2116
       5.214     -0.04039
       5.214      -0.1355
       5.222     -0.05942
       5.229      0.07373
       5.244       0.1308
       5.267       0.1688
        5.29       0.2259
       5.305       0.2449
        5.32         0.34
       5.343       0.4351
       5.343       0.3971
        5.38       0.5302
        5.38       0.4542
       5.388        0.283
       5.395      0.05471
       5.403      0.05471
       5.403      -0.1735
       5.411      -0.1735
       5.411      -0.3447
       5.418      -0.3447
       5.418      -0.4589
       5.426      -0.4589
       5.479      -0.5159
       5.494      -0.5159
       5.516      -0.4779
       5.532      -0.3638
       5.539      -0.2877
       5.539      -0.3638
       5.547      -0.2116
       5.547      -0.2877
       5.554      -0.1165
       5.554      -0.2116
       5.562     -0.04039
       5.562      -0.1165
       5.569      0.05471
       5.569     -0.04039
       5.577       0.1308
       5.577      0.05471
       5.585       0.2259
       5.585       0.1308
       5.592         0.34
       5.592       0.2259
         5.6       0.4542
         5.6         0.34
       5.607       0.5493
       5.607       0.4542
       5.615       0.6063
       5.615       0.5302
       5.622       0.6634
       5.622       0.6063
        5.63       0.6634
       5.637       0.7014
       5.645       0.7965
       5.675       0.8156
        5.69       0.8156
       5.698       0.7585
       5.713       0.7205
       5.713       0.6254
       5.721       0.4732
       5.728        0.321
       5.736        0.321
       5.736       0.1498
       5.743       0.1498
       5.743    -0.002352
       5.751    -0.002352
       5.751      -0.1735
       5.758      -0.1735
       5.758      -0.3447
       5.766      -0.3447
       5.766      -0.5159
       5.774      -0.5159
       5.774      -0.6301
       5.789      -0.7061
       5.789      -0.7442
       5.811      -0.6871
       5.819      -0.6301
       5.819      -0.6871
       5.826      -0.5159
       5.826      -0.6301
       5.834      -0.4208
       5.834      -0.5159
       5.842      -0.3067
       5.842      -0.4208
       5.849      -0.2116
       5.849      -0.3067
       5.857      -0.1545
       5.857      -0.2116
       5.864      -0.1165
       5.864      -0.1545
       5.887    -0.002352
       5.895      0.05471
       5.895    -0.002352
       5.902       0.1118
       5.902      0.05471
       5.917       0.2259
       5.917       0.1688
       5.925       0.2639
       5.932        0.302
       5.932       0.2639
       5.947        0.321
       5.955       0.3781
       5.955         0.34
       5.963       0.4161
       5.963       0.3781
       5.978       0.4351
       5.993       0.4161
       6.016       0.3591
       6.023        0.321
       6.031       0.2259
       6.046       0.2069
       6.076       0.1308
       6.076      0.07373
       6.084     -0.02137
       6.091     -0.02137
       6.091      -0.1355
       6.099      -0.1355
       6.099      -0.2877
       6.114      -0.4398
       6.114       -0.611
       6.121       -0.611
       6.121      -0.7632
       6.129      -0.7632
       6.129      -0.8583
       6.137      -0.8583
       6.137      -0.8964
       6.152      -0.8012
       6.152      -0.8773
       6.159      -0.6871
       6.159      -0.8012
       6.167       -0.554
       6.167      -0.6871
       6.174      -0.4018
       6.174       -0.554
       6.182      -0.2496
       6.182      -0.4018
       6.189      -0.1355
       6.189      -0.2496
       6.197     -0.02137
       6.197      -0.1355
       6.205      0.07373
       6.205     -0.02137
       6.212       0.1879
       6.212      0.07373
        6.22        0.283
        6.22       0.1879
       6.227       0.3781
       6.227        0.283
       6.235       0.3781
        6.25       0.4732
       6.273       0.3781
        6.28       0.3781
        6.28        0.302
       6.288       0.2449
       6.295       0.1688
       6.303       0.1688
       6.303       0.1118
       6.318      0.07373
       6.318      0.03569
       6.341      0.07373
       6.356       0.2069
       6.356       0.1308
       6.363       0.2069
       6.371       0.2449
       6.386       0.2259
       6.386       0.1688
       6.394      0.07373
       6.401      0.07373
       6.401     -0.02137
       6.409     -0.02137
       6.409      -0.1165
       6.416      -0.2116
       6.424      -0.2116
       6.424      -0.2877
       6.431      -0.2877
       6.447      -0.4398
       6.454      -0.4208
       6.462      -0.3638
       6.462      -0.4208
       6.469      -0.2877
       6.477      -0.2116
       6.477      -0.2877
       6.484      -0.1355
       6.484      -0.2116
       6.492      -0.1355
       6.499     -0.05942
       6.515      0.07373
        6.53       0.1118
        6.53      0.07373
       6.537      0.07373
       6.545     -0.05942
       6.552     -0.05942
       6.552      -0.1165
        6.56      -0.1165
       6.567      -0.1545
       6.598      -0.1926
       6.605      -0.1355
       6.605      -0.1735
       6.613      -0.1355
        6.62     -0.04039
       6.636       0.1118
       6.643       0.1879
       6.643      0.09275
       6.651       0.2639
       6.651       0.1879
       6.658       0.2639
       6.666        0.302
       6.688       0.2259
       6.719       0.1688
       6.741       0.1879
       6.749        0.283
       6.779        0.302
       6.787       0.2639
       6.802       0.2259
       6.809       0.2259
       6.817       0.1879
       6.817       0.1308
       6.825      0.07373
       6.832      0.07373
        6.84     -0.02137
       6.847     -0.04039
       6.862     -0.07844
       6.885      -0.1735
       6.923      -0.2306
        6.93      -0.2306
        6.93      -0.2877
       6.938      -0.2877
       6.938      -0.3447
       6.946      -0.3447
       6.946      -0.4018
       6.953      -0.4018
       6.968      -0.4779
       6.968      -0.5159
       6.983      -0.5349
       6.991      -0.4779
       6.991      -0.5159
       6.998      -0.4779
       7.006      -0.3447
       7.006      -0.4208
       7.014      -0.2687
       7.014      -0.3447
       7.021      -0.1926
       7.021      -0.2687
       7.036      -0.1165
       7.036      -0.1545
       7.059     -0.05942
       7.067     -0.02137
       7.074      0.07373
       7.082       0.1308
       7.082      0.07373
       7.089       0.1879
       7.089       0.1308
       7.097       0.2449
       7.097       0.1879
       7.112       0.3781
       7.112        0.321
       7.127       0.4161
        7.15       0.3591
        7.15        0.321
       7.157       0.2639
       7.165       0.2639
       7.165       0.1879
       7.172       0.1879
       7.172       0.1118
        7.18    -0.002352
       7.188    -0.002352
       7.188     -0.09746
       7.195     -0.09746
       7.195      -0.1735
       7.203      -0.1735
       7.203      -0.2306
       7.218      -0.2687
       7.225      -0.2306
       7.233      -0.2306
        7.24      -0.1926
       7.248      -0.1355
       7.256    -0.002352
       7.263      0.05471
       7.263    -0.002352
       7.271      0.09275
       7.286       0.1308
       7.301      0.09275
       7.331      0.07373
       7.354      0.09275
       7.369      0.05471
       7.392      0.05471
       7.407      0.07373
       7.422    -0.002352
       7.429    -0.002352
       7.437     -0.04039
       7.452     -0.02137
       7.452     -0.05942
        7.46      0.03569
        7.46     -0.02137
       7.467      0.09275
       7.467      0.03569
       7.475       0.1498
       7.475      0.09275
       7.482       0.2259
       7.482       0.1498
       7.498        0.321
       7.513       0.3591
       7.535       0.3591
       7.543        0.302
        7.55        0.302
        7.55       0.2449
       7.558       0.2449
       7.558       0.1688
       7.566       0.1688
       7.566      0.09275
       7.573      0.09275
       7.596    -0.002352
       7.619      0.03569
       7.641    -0.002352
       7.664     -0.05942
       7.664      -0.1355
       7.671      -0.1165
       7.671      -0.2116
       7.679      -0.2116
       7.679      -0.3447
       7.687      -0.3447
       7.687      -0.4589
       7.694       -0.573
       7.702       -0.573
       7.702      -0.6491
       7.717      -0.6301
       7.724       -0.554
       7.724      -0.6301
       7.732      -0.4398
       7.732       -0.554
       7.739      -0.3067
       7.739      -0.4398
       7.747      -0.1926
       7.747      -0.3067
       7.755     -0.09746
       7.755      -0.1926
       7.762     -0.02137
       7.762     -0.09746
        7.77      0.03569
        7.77     -0.02137
       7.777      0.03569
       7.785       0.1118
       7.815       0.1879
       7.838       0.2639
       7.876       0.2259
       7.883       0.2639
       7.913       0.1688
       7.921       0.1688
       7.921      0.07373
       7.929      0.07373
       7.929     -0.04039
       7.936     -0.04039
       7.936      -0.1355
       7.944      -0.1355
       7.944      -0.1926
       7.951      -0.1926
       7.959      -0.2306
       7.974      -0.1735
       7.981      -0.1355
       7.981      -0.1735
       7.989      -0.1165
       8.012      -0.1735
       8.027      -0.1926
       8.034      -0.1355
       8.034      -0.1735
       8.042     -0.09746
       8.042      -0.1355
       8.057     -0.09746
       8.065      -0.1355
       8.072      -0.1735
        8.11      -0.1545
       8.118     -0.09746
       8.118      -0.1545
       8.125     -0.09746
       8.133     -0.04039
       8.155      0.03569
        8.17    -0.002352
       8.178     -0.04039
       8.178     -0.07844
       8.186      -0.1165
       8.193      -0.1545
       8.216      -0.1165
       8.223     -0.02137
       8.223      -0.1165
       8.231      0.05471
       8.231     -0.02137
       8.239       0.1308
       8.239      0.05471
       8.254       0.2259
       8.261       0.2639
       8.284       0.3781
       8.291       0.4732
       8.291       0.3781
       8.299       0.5683
       8.299       0.4542
       8.314       0.6444
       8.322       0.7775
       8.322       0.7014
       8.329       0.8346
       8.337       0.8917
       8.337       0.8346
        8.36       0.8536
       8.367       0.7775
       8.375       0.7775
       8.375       0.6824
       8.382       0.7014
       8.382       0.5873
        8.39       0.5873
        8.39       0.4542
       8.397       0.4542
       8.397        0.302
       8.405        0.302
       8.405       0.1308
       8.412     -0.04039
        8.42     -0.04039
        8.42      -0.2306
       8.428      -0.2306
       8.428      -0.4589
       8.435      -0.4589
       8.435      -0.6681
       8.443      -0.6681
       8.443      -0.8393
        8.45      -0.8393
       8.458      -0.9724
       8.458       -1.068
       8.473       -1.106
       8.481       -1.087
       8.488        -1.03
       8.488       -1.087
       8.496      -0.9724
       8.511      -0.8393
       8.511      -0.9154
       8.518      -0.7442
       8.518      -0.8393
       8.526      -0.6491
       8.526      -0.7442
       8.533      -0.5349
       8.533      -0.6491
       8.541      -0.4018
       8.541      -0.5349
       8.549      -0.2687
       8.549      -0.4018
       8.556      -0.1165
       8.556      -0.2687
       8.564      0.03569
       8.564      -0.1165
       8.571       0.1879
       8.571      0.03569
       8.579        0.321
       8.579       0.1879
       8.586       0.4351
       8.586        0.321
       8.594       0.5493
       8.594       0.4351
       8.601       0.6634
       8.601       0.5493
       8.609       0.7585
       8.609       0.6634
       8.617       0.7585
       8.624       0.8346
       8.662       0.9297
       8.677       0.8726
       8.692       0.8536
         8.7       0.7395
       8.715       0.7205
       8.715       0.6254
       8.722       0.6444
       8.722       0.5493
        8.73       0.5493
        8.73       0.4351
       8.738       0.2639
       8.745       0.2639
       8.745      0.05471
       8.745    -0.002352
       8.753      0.05471
       8.753    -0.002352
       8.753      -0.2496
        8.76      -0.5349
       8.768      -0.8583
       8.775      -0.8583
       8.775       -1.163
       8.783       -1.163
       8.783       -1.448
       8.791       -1.448
       8.791       -1.619
       8.798       -1.619
       8.798       -1.733
       8.806       -1.714
       8.813       -1.657
       8.813       -1.733
       8.821       -1.524
       8.821       -1.657
       8.828       -1.334
       8.828       -1.524
       8.836       -1.125
       8.836       -1.334
       8.843      -0.8964
       8.843       -1.125
       8.851      -0.6871
       8.851      -0.8964
       8.859      -0.4589
       8.859      -0.6871
       8.866      -0.2687
       8.866      -0.4589
       8.874     -0.09746
       8.874      -0.2687
       8.881      0.07373
       8.881     -0.09746
       8.889       0.2259
       8.889      0.07373
       8.896       0.3781
       8.896       0.2259
       8.911       0.5493
       8.911       0.4732
       8.919       0.6063
       8.919       0.5493
       8.927       0.6634
       8.927       0.6063
       8.934       0.7014
       8.942       0.7585
       8.942       0.7014
       8.949       0.8156
       8.949       0.7585
       8.964       0.8726
