     0.01186      -0.3957
     0.03455      -0.4145
     0.04212      -0.4145
     0.04968      -0.3768
     0.05725      -0.3202
     0.06481      -0.2447
     0.07238      -0.1692
     0.07994     -0.09375
     0.08751     -0.01827
     0.09507      0.05721
     0.09507    0.0006022
      0.1026      0.09495
      0.1102       0.1516
      0.1178       0.1893
      0.1253        0.227
      0.1329       0.2459
      0.1405       0.2836
       0.148       0.3025
      0.1556       0.3403
      0.1632        0.378
      0.1783       0.4157
      0.1859       0.4157
       0.201        0.378
      0.2085        0.378
      0.2237        0.378
      0.2312       0.3214
      0.2388       0.2648
      0.2464       0.1516
      0.2539      0.07608
      0.2539     -0.01827
      0.2615     -0.07488
      0.2691      -0.1504
      0.2766      -0.2258
      0.2842      -0.2824
      0.2918      -0.3391
      0.2993      -0.3957
      0.3145      -0.4145
       0.322      -0.3768
      0.3371      -0.3202
      0.3447      -0.2636
      0.3523      -0.1881
      0.3598      -0.1504
       0.375      -0.1315
      0.3825      -0.1504
      0.3977      -0.1315
      0.4128      -0.1315
      0.4204      -0.1504
      0.4355      -0.1504
      0.4431      -0.1126
      0.4506     -0.03714
      0.4582      0.07608
      0.4658       0.1516
      0.4733        0.227
      0.4809       0.3025
      0.4884       0.3591
      0.5036       0.3591
      0.5111       0.3025
      0.5187        0.227
      0.5263       0.1327
      0.5338      0.05721
      0.5338    0.0006022
      0.5414     -0.03714
       0.549      -0.1126
      0.5565      -0.1504
      0.5717      -0.1881
      0.5792      -0.1881
      0.5944      -0.1881
      0.6019      -0.1692
      0.6095      -0.1504
      0.6171     -0.09375
      0.6246     -0.03714
      0.6322    0.0006022
      0.6397      0.05721
      0.6473      0.07608
      0.6624      0.07608
        0.67      0.07608
      0.6851      0.07608
      0.6927      0.09495
      0.7078       0.1138
      0.7154      0.09495
       0.723      0.05721
      0.7305      0.03834
      0.7457      0.05721
      0.7532      0.07608
      0.7608      0.09495
      0.7759       0.1138
      0.7835       0.1138
       0.791       0.1138
      0.8062      0.07608
      0.8137      0.05721
      0.8289      0.01947
      0.8364    0.0006022
       0.844     -0.01827
      0.8667     -0.03714
      0.8743     -0.03714
      0.8894     -0.07488
      0.9045      -0.1126
      0.9121     -0.09375
      0.9196     -0.07488
      0.9272     -0.03714
      0.9348      0.01947
      0.9423      0.07608
      0.9499       0.1516
      0.9575       0.2082
       0.965       0.2836
      0.9726       0.3403
      0.9877        0.378
      0.9953       0.3403
       1.003       0.2836
        1.01       0.2459
       1.018       0.1893
       1.026       0.1516
       1.033       0.1138
       1.041      0.07608
       1.048      0.05721
       1.056    0.0006022
       1.063     -0.05601
       1.071     -0.09375
       1.086      -0.1504
       1.094      -0.1881
       1.101      -0.2258
       1.109      -0.2636
       1.124      -0.2824
       1.131      -0.2824
       1.139      -0.2636
       1.147      -0.2258
       1.154      -0.1692
       1.162     -0.09375
       1.169     -0.03714
       1.177      0.01947
       1.184      0.09495
       1.192       0.1704
         1.2       0.2082
       1.207       0.2459
       1.222       0.2836
        1.23       0.3025
       1.237       0.3214
       1.253       0.2836
        1.26        0.227
       1.268       0.1516
       1.275      0.07608
       1.283     -0.01827
        1.29     -0.05601
       1.298     -0.09375
       1.313      -0.1315
       1.321      -0.1504
       1.336      -0.1881
       1.343      -0.2258
       1.358      -0.2636
       1.366      -0.2447
       1.374      -0.2258
       1.381      -0.1692
       1.389      -0.1315
       1.396      -0.1126
       1.411      -0.1126
       1.419     -0.07488
       1.426     -0.05601
       1.434      0.03834
       1.434     -0.01827
       1.442      0.09495
       1.449       0.1704
       1.457       0.2459
       1.464       0.3025
       1.472       0.3214
       1.487       0.2648
       1.495       0.2082
       1.502       0.1516
        1.51       0.1138
       1.517      0.07608
       1.532     -0.01827
        1.54     -0.05601
       1.548      -0.1315
       1.555       -0.207
       1.563      -0.2824
        1.57      -0.3202
       1.585      -0.3202
       1.593      -0.3013
         1.6      -0.2447
       1.608       -0.207
       1.616      -0.1504
       1.623     -0.07488
       1.631      0.03834
       1.631     -0.01827
       1.638      0.07608
       1.646       0.1516
       1.653       0.1893
       1.661        0.227
       1.669       0.2459
       1.676       0.2836
       1.684       0.3214
       1.699        0.378
       1.706        0.378
       1.722       0.4346
       1.729       0.4535
       1.737       0.4912
       1.744       0.5478
       1.759       0.5667
       1.767       0.5101
       1.774       0.4157
       1.782       0.2836
        1.79       0.1516
       1.797      0.05721
       1.797     -0.03714
       1.805     -0.09375
       1.805      -0.1881
       1.812      -0.2447
        1.82      -0.3391
       1.827      -0.4145
       1.835      -0.4523
       1.835      -0.5089
       1.843      -0.5278
        1.85      -0.5844
       1.858       -0.641
       1.865      -0.6787
        1.88      -0.7165
       1.888      -0.6976
       1.903      -0.6598
       1.911      -0.6032
       1.918      -0.5655
       1.926      -0.5278
       1.933      -0.4334
       1.941      -0.3768
       1.948      -0.2824
       1.956       -0.207
       1.964     -0.09375
       1.971      0.03834
       1.979       0.1327
       1.986        0.227
       1.994       0.2836
       2.001       0.3025
       2.017       0.3214
       2.024       0.3214
       2.039       0.2648
       2.054       0.2648
       2.062       0.3025
        2.07       0.3591
       2.077       0.4157
       2.085       0.4535
         2.1       0.4723
       2.107       0.4723
       2.115       0.4346
       2.122       0.3969
        2.13       0.3591
       2.138       0.3025
       2.145       0.2459
        2.16       0.2082
       2.168       0.2082
       2.183       0.1516
       2.191       0.1138
       2.198      0.03834
       2.206     -0.05601
       2.213      -0.1504
       2.221      -0.2258
       2.228      -0.2824
       2.236      -0.3202
       2.244      -0.3391
       2.259      -0.3768
       2.266      -0.3957
       2.281      -0.4334
       2.289      -0.4145
       2.296      -0.3957
       2.304      -0.3391
       2.312      -0.2824
       2.319       -0.207
       2.327      -0.1315
       2.334     -0.07488
       2.342     -0.03714
       2.357    0.0006022
       2.365      0.01947
       2.372      0.05721
        2.38       0.1138
       2.387       0.1704
       2.395       0.2459
       2.402       0.2836
       2.418       0.3403
       2.425       0.3403
        2.44       0.3403
       2.448       0.3214
       2.455       0.2836
       2.463       0.2459
        2.47       0.1893
       2.478       0.1516
       2.486      0.09495
       2.493      0.05721
       2.501     -0.01827
       2.508     -0.07488
       2.516      -0.1315
       2.531      -0.1692
       2.539      -0.1881
       2.554      -0.2447
       2.561      -0.2447
       2.576       -0.207
       2.584      -0.1504
       2.591      -0.1315
       2.607      -0.1504
       2.614      -0.1692
       2.622      -0.1504
       2.629      -0.1315
       2.644     -0.07488
       2.652     -0.03714
        2.66    0.0006022
       2.667      0.09495
       2.675       0.2082
       2.682       0.3025
        2.69       0.3969
       2.697       0.4535
       2.705       0.4723
        2.72       0.4723
       2.728       0.4535
       2.735       0.4346
       2.743       0.3969
        2.75       0.3591
       2.758       0.3214
       2.765       0.2648
       2.773       0.2082
       2.781       0.1327
       2.788      0.07608
       2.796      0.03834
       2.796     -0.01827
       2.803     -0.05601
       2.811      -0.1126
       2.818      -0.1692
       2.826       -0.207
       2.834      -0.2258
       2.849      -0.2636
       2.856      -0.2824
       2.871      -0.3202
       2.879      -0.3391
       2.887      -0.3391
       2.902      -0.2824
       2.909      -0.2258
       2.917      -0.1692
       2.924     -0.09375
       2.932     -0.03714
       2.939      0.01947
       2.947      0.07608
       2.955       0.1138
       2.962       0.1704
       2.977       0.1704
       2.985       0.1327
           3      0.07608
       3.008      0.07608
       3.015      0.07608
        3.03      0.05721
       3.038      0.03834
       3.053     -0.01827
       3.068    0.0006022
       3.083      0.01947
       3.091    0.0006022
       3.098     -0.03714
       3.113     -0.09375
       3.121     -0.09375
       3.136     -0.07488
       3.144     -0.05601
       3.159     -0.05601
       3.174     -0.09375
       3.182      -0.1126
       3.197      -0.1504
       3.204      -0.1504
       3.219     -0.09375
       3.227     -0.03714
       3.235      0.05721
       3.235    0.0006022
       3.242       0.1327
        3.25       0.2459
       3.257       0.3591
       3.265       0.4535
       3.272       0.5478
       3.272       0.4912
        3.28       0.6044
       3.287       0.6422
       3.295        0.661
        3.31       0.6233
       3.318       0.5856
       3.325       0.5478
       3.333       0.4912
        3.34       0.3969
       3.348       0.2459
       3.356       0.1138
       3.356    0.0006022
       3.363     -0.09375
       3.371      -0.2824
       3.378      -0.4145
       3.378      -0.5089
       3.386      -0.5466
       3.393      -0.6221
       3.401      -0.6598
       3.416      -0.6976
       3.424      -0.6787
       3.431       -0.641
       3.439      -0.5844
       3.446      -0.4711
       3.446      -0.5278
       3.454      -0.4334
       3.461      -0.3768
       3.469      -0.3013
       3.477       -0.207
       3.484      -0.1126
       3.492     -0.03714
       3.499      0.07608
       3.507       0.1327
       3.514       0.1893
       3.522       0.2648
        3.53       0.3214
       3.537        0.378
       3.545       0.4346
        3.56       0.4535
       3.567       0.4723
       3.582       0.4912
        3.59       0.4912
       3.598       0.4723
       3.605       0.4157
       3.613       0.3214
        3.62        0.227
       3.628       0.1327
       3.635      0.07608
       3.643     -0.03714
       3.651     -0.09375
       3.666      -0.1692
       3.681      -0.1881
       3.688      -0.1504
       3.696      -0.1315
       3.711     -0.05601
       3.719     -0.03714
       3.726      0.01947
       3.734      0.07608
       3.741       0.1327
       3.749       0.1704
       3.756       0.2082
       3.764       0.2459
       3.779       0.2648
       3.787       0.2459
       3.794       0.2082
       3.802       0.1327
       3.809      0.07608
       3.817     -0.01827
       3.825     -0.09375
       3.832      -0.1504
        3.84      -0.1881
       3.855      -0.1692
       3.862      -0.1315
        3.87     -0.09375
       3.885      -0.1126
       3.893      -0.1315
       3.908      -0.1692
       3.915      -0.1692
        3.93       -0.207
       3.938      -0.2447
       3.953      -0.2824
       3.961      -0.2636
       3.976      -0.2258
       3.983       -0.207
       3.999      -0.1504
       4.006      -0.1315
       4.021      -0.1126
       4.029      -0.1504
       4.036      -0.1881
       4.044       -0.207
       4.059       -0.207
       4.067      -0.1504
       4.074     -0.07488
       4.082     -0.01827
       4.089      0.03834
       4.104    0.0006022
       4.112      0.03834
        4.12      0.05721
       4.127       0.1138
       4.135       0.1704
       4.142        0.227
        4.15       0.2836
       4.157       0.3214
       4.173       0.2836
        4.18        0.227
       4.188       0.1704
       4.195       0.1138
       4.203      0.07608
        4.21      0.05721
       4.226      0.05721
       4.233      0.05721
       4.241      0.01947
       4.248     -0.01827
       4.256     -0.05601
       4.263     -0.09375
       4.271      -0.1315
       4.286      -0.1692
       4.294      -0.1504
       4.309     -0.07488
       4.316     -0.01827
       4.324      0.07608
       4.324    0.0006022
       4.331       0.1516
       4.339        0.227
       4.347       0.3025
       4.354       0.3591
       4.362       0.3969
       4.377       0.4157
       4.384        0.378
       4.392       0.3403
         4.4       0.3025
       4.415        0.227
       4.422       0.1893
        4.43       0.1516
       4.437       0.1327
       4.452       0.1138
        4.46      0.07608
       4.468      0.05721
       4.475      0.01947
       4.483     -0.03714
        4.49      -0.1126
       4.498      -0.1692
       4.505      -0.2258
       4.513      -0.2636
       4.521      -0.2824
       4.536      -0.2636
       4.543      -0.2447
       4.558      -0.2447
       4.566      -0.2447
       4.574       -0.207
       4.581      -0.1881
       4.596      -0.1126
       4.604     -0.09375
       4.619     -0.05601
       4.626     -0.01827
       4.634      0.07608
       4.642       0.1327
       4.649       0.1893
       4.664       0.2082
       4.679       0.1704
       4.687       0.1516
       4.702       0.1327
       4.717      0.07608
       4.725    0.0006022
       4.732     -0.05601
        4.74      -0.1126
       4.747      -0.1692
       4.763      -0.2258
        4.77      -0.2447
       4.785      -0.2447
         4.8      -0.2824
       4.808      -0.2824
       4.816      -0.2636
       4.823      -0.2258
       4.831      -0.1881
       4.838      -0.1504
       4.846      -0.1126
       4.853     -0.07488
       4.861     -0.03714
       4.869      0.03834
       4.876      0.09495
       4.884       0.1516
       4.891       0.2082
       4.899       0.2459
       4.906       0.3025
       4.914       0.3403
       4.929       0.3591
       4.937        0.378
       4.952       0.4157
       4.959       0.4157
       4.974       0.3591
        4.99       0.3025
       4.997       0.2648
       5.005        0.227
       5.012       0.1516
        5.02      0.07608
       5.027     -0.01827
       5.035     -0.05601
       5.043      -0.1126
        5.05      -0.1692
       5.058      -0.2258
       5.065      -0.2824
       5.073      -0.3202
        5.08      -0.3013
       5.088      -0.2636
       5.095      -0.2258
       5.103      -0.1692
       5.111      -0.1315
       5.118      -0.1126
       5.126     -0.05601
       5.133      0.03834
       5.133     -0.01827
       5.141      0.07608
       5.148       0.1327
       5.156       0.1704
       5.164       0.2082
       5.171        0.227
       5.179       0.2836
       5.186       0.3214
       5.194        0.378
       5.209       0.4346
       5.217       0.4535
       5.232       0.4912
       5.239       0.4535
       5.247       0.3969
       5.254       0.2836
       5.262       0.1516
       5.269      0.03834
       5.277     -0.07488
       5.285      -0.1315
       5.292      -0.1881
         5.3      -0.2447
       5.307      -0.3202
       5.315      -0.3768
       5.322      -0.4334
       5.338      -0.4711
       5.345        -0.49
        5.36        -0.49
       5.368      -0.4523
       5.375      -0.4334
       5.391      -0.3768
       5.398      -0.3579
       5.413      -0.3202
       5.421      -0.2636
       5.428       -0.207
       5.436      -0.1504
       5.443     -0.07488
       5.451      0.01947
       5.459      0.09495
       5.466       0.1704
       5.474        0.227
       5.481       0.2836
       5.496       0.3214
       5.504       0.3403
       5.519       0.3025
       5.527       0.2648
       5.534        0.227
       5.542       0.1893
       5.549       0.1704
       5.557       0.1138
       5.565      0.07608
       5.572     -0.01827
        5.58     -0.09375
       5.587      -0.1504
       5.595       -0.207
        5.61      -0.2636
       5.617      -0.2636
       5.633      -0.2636
        5.64      -0.2447
       5.655      -0.2258
       5.663       -0.207
       5.678      -0.1881
       5.686      -0.1692
       5.701      -0.1315
       5.708     -0.09375
       5.716     -0.03714
       5.723      0.07608
       5.723    0.0006022
       5.731       0.1327
       5.739       0.2459
       5.746       0.3591
       5.754       0.4346
       5.761       0.4723
       5.776       0.4723
       5.784       0.4535
       5.799       0.4723
       5.814       0.3969
       5.822       0.3025
       5.829       0.1704
       5.837      0.07608
       5.837    0.0006022
       5.844     -0.03714
       5.852     -0.07488
       5.867     -0.07488
       5.875     -0.05601
        5.89     -0.07488
       5.897     -0.09375
       5.905     -0.07488
        5.92     -0.03714
       5.928     -0.01827
       5.943     -0.01827
        5.95     -0.01827
       5.965      0.01947
       5.981      0.09495
       5.988       0.1138
       5.996       0.1516
       6.003       0.1893
       6.018       0.1516
       6.026      0.09495
       6.034      0.03834
       6.034     -0.01827
       6.041     -0.05601
       6.049      -0.1126
       6.064      -0.1504
       6.079      -0.1692
       6.086      -0.1692
       6.094      -0.1692
       6.109      -0.1692
       6.117      -0.1315
       6.132     -0.09375
       6.147     -0.01827
       6.155      0.01947
       6.162      0.07608
       6.177       0.1327
       6.185       0.1327
         6.2      0.09495
       6.208      0.05721
       6.215      0.01947
       6.223     -0.01827
        6.23     -0.07488
       6.238      -0.1504
       6.253       -0.207
       6.268       -0.207
       6.276      -0.1881
       6.283      -0.1504
       6.291     -0.07488
       6.298     -0.01827
       6.306      0.05721
       6.306    0.0006022
       6.313      0.07608
       6.329       0.1138
       6.336      0.07608
       6.351      0.03834
       6.359      0.03834
       6.366      0.07608
       6.374       0.1327
       6.382       0.1893
       6.389       0.2459
       6.397       0.3025
       6.404       0.3591
       6.412       0.4157
       6.427       0.4535
       6.434       0.4535
       6.442       0.3969
        6.45       0.3591
       6.457       0.3025
       6.465        0.227
       6.472       0.1516
        6.48      0.07608
       6.487      0.03834
       6.487     -0.01827
       6.495     -0.05601
       6.503      -0.1126
        6.51      -0.1504
       6.525      -0.1881
       6.533      -0.1881
       6.548      -0.2447
       6.556      -0.2824
       6.563      -0.3391
       6.571      -0.4145
       6.578      -0.4523
       6.586      -0.5089
       6.601      -0.4711
       6.608      -0.4145
       6.616      -0.3391
       6.624      -0.2447
       6.631      -0.1504
       6.639     -0.07488
       6.646     -0.01827
       6.654      0.05721
       6.669       0.1516
       6.677       0.2082
       6.684       0.2648
       6.692       0.3214
       6.699       0.3591
       6.707       0.3969
       6.714       0.4346
        6.73       0.4535
       6.737       0.4535
       6.752       0.4535
        6.76       0.4346
       6.767       0.3969
       6.775       0.3403
       6.782       0.2648
        6.79       0.2082
       6.798       0.1516
       6.813      0.09495
        6.82      0.05721
       6.835    0.0006022
       6.843    0.0006022
       6.858     -0.05601
       6.866     -0.07488
       6.881     -0.09375
       6.888     -0.09375
       6.903      -0.1126
       6.911      -0.1126
       6.926      -0.1881
       6.934      -0.2258
       6.941      -0.2447
       6.956      -0.2824
       6.964      -0.2824
       6.979      -0.3202
       6.987      -0.3202
       6.994      -0.2824
       7.002      -0.2447
       7.009      -0.1881
       7.017      -0.1504
       7.025     -0.09375
       7.032     -0.05601
        7.04     -0.03714
       7.047    0.0006022
       7.062      0.01947
       7.077      0.03834
       7.085      0.03834
         7.1      0.07608
       7.108      0.09495
       7.115       0.1516
       7.123       0.1893
       7.138       0.2082
       7.146       0.2082
       7.153       0.2082
       7.168       0.1704
       7.176       0.1704
       7.191       0.1516
       7.199       0.1516
       7.206       0.1138
       7.214      0.05721
       7.214    0.0006022
       7.221     -0.03714
       7.229      -0.1126
       7.236      -0.1692
       7.244       -0.207
       7.251      -0.2258
       7.267      -0.2258
       7.274      -0.2258
       7.282      -0.1881
       7.297      -0.1315
       7.304     -0.09375
       7.312     -0.05601
        7.32     -0.01827
       7.327      0.07608
       7.335       0.1327
       7.342       0.1893
        7.35       0.2459
       7.357       0.2836
       7.373       0.3025
        7.38       0.3025
       7.395       0.3025
       7.403       0.3025
        7.41       0.2836
       7.418       0.2459
       7.425       0.2082
       7.433       0.1704
       7.448       0.1138
       7.456      0.05721
       7.463      0.01947
       7.471     -0.03714
       7.478      -0.1126
       7.486       -0.207
       7.494      -0.3013
       7.501      -0.3957
       7.509      -0.4523
       7.516      -0.5089
       7.524      -0.5089
       7.539      -0.4334
       7.547      -0.3768
       7.554      -0.2824
       7.562       -0.207
       7.569      -0.1504
       7.577     -0.09375
       7.584     -0.07488
       7.592     -0.03714
       7.599      0.01947
       7.607      0.09495
       7.615       0.1327
        7.63       0.1893
       7.637       0.1893
       7.652       0.2082
       7.668        0.227
       7.683       0.2459
       7.698        0.227
       7.705        0.227
       7.721       0.1704
       7.728       0.1138
       7.736      0.05721
       7.743     -0.01827
       7.751     -0.03714
       7.758     -0.07488
       7.766     -0.09375
       7.781      -0.1315
       7.789      -0.1504
       7.804      -0.1504
       7.811      -0.1504
       7.819      -0.1692
       7.826       -0.207
       7.834      -0.2258
       7.849      -0.2258
       7.864      -0.1504
       7.872      -0.1126
       7.879     -0.05601
       7.887     -0.01827
       7.895      0.01947
       7.902      0.07608
        7.91       0.1327
       7.917       0.1704
       7.925       0.2082
        7.94       0.2459
       7.947       0.2459
       7.955       0.2459
       7.963       0.1893
        7.97       0.1516
       7.978      0.09495
       7.985      0.05721
       7.985    0.0006022
       7.993     -0.01827
           8     -0.05601
       8.008     -0.07488
       8.023     -0.05601
       8.031     -0.05601
       8.046     -0.05601
       8.053     -0.05601
       8.061     -0.03714
       8.076     -0.03714
       8.084     -0.05601
       8.091     -0.03714
       8.099      0.03834
       8.099    0.0006022
       8.106      0.07608
       8.114       0.1516
       8.121       0.2082
       8.129       0.2648
       8.137       0.2836
       8.144       0.2836
       8.159       0.2459
       8.167       0.2459
       8.174       0.2648
        8.19        0.227
       8.197       0.1893
       8.205       0.1327
       8.212      0.07608
        8.22    0.0006022
       8.227     -0.01827
       8.242    0.0006022
       8.258     -0.01827
       8.265     -0.03714
       8.273     -0.07488
        8.28      -0.1504
       8.288      -0.2258
       8.295      -0.3013
       8.303      -0.3579
       8.311      -0.4145
       8.326      -0.4523
       8.333      -0.4145
       8.341      -0.3579
       8.348      -0.2824
       8.356       -0.207
       8.364      -0.1315
       8.371     -0.07488
       8.379     -0.01827
       8.386      0.01947
       8.394      0.05721
       8.401      0.07608
       8.409       0.1138
       8.416       0.1893
       8.424       0.2648
       8.432       0.3591
       8.439       0.4346
       8.447       0.5101
       8.454       0.5667
       8.462       0.6044
       8.469       0.6044
       8.477       0.5856
       8.485       0.5101
       8.492       0.3969
         8.5       0.2648
       8.507       0.1138
       8.515      0.03834
       8.515     -0.05601
       8.522      -0.1504
        8.53       -0.207
       8.545      -0.2447
       8.553      -0.2258
       8.568      -0.2258
       8.575      -0.2447
        8.59      -0.2636
       8.598      -0.2447
       8.613       -0.207
       8.621      -0.1692
       8.636      -0.1126
       8.643     -0.07488
       8.651     -0.03714
       8.666     -0.03714
       8.674     -0.01827
       8.681      0.03834
       8.681    0.0006022
       8.689      0.07608
       8.696       0.1327
       8.704       0.2082
       8.712       0.3214
       8.719       0.4346
       8.727       0.5478
       8.727       0.4912
       8.734       0.5856
       8.742       0.5667
       8.749       0.4912
       8.757       0.3969
       8.764       0.3025
       8.772       0.2082
        8.78       0.1138
       8.787      0.03834
       8.795     -0.03714
       8.802      -0.1126
        8.81      -0.1692
       8.817       -0.207
       8.833      -0.2258
        8.84      -0.2258
       8.848      -0.2258
       8.863      -0.2636
        8.87      -0.2824
       8.886      -0.3202
       8.893      -0.3391
       8.901      -0.3202
       8.916      -0.2824
       8.923      -0.2824
       8.938      -0.2824
       8.946      -0.2258
       8.954      -0.1504
       8.961     -0.05601
       8.969      0.05721
       8.969    0.0006022
       8.976       0.1138
