     0.01181    -0.005115
     0.01937      0.02558
     0.03449      0.05627
     0.04205      0.07161
     0.05716      0.07161
     0.06472      0.05627
     0.07984      0.05627
     0.09496      0.04092
      0.1025      0.04092
      0.1176      0.02558
      0.1252      0.02558
      0.1403      0.04092
      0.1554      0.05627
       0.163      0.05627
      0.1705      0.02558
      0.1781    -0.005115
      0.1857     -0.03581
      0.2008     -0.08184
      0.2083     -0.08184
      0.2159     -0.05115
      0.2235     -0.03581
       0.231      0.01023
      0.2386      0.04092
      0.2537      0.04092
      0.2612      0.01023
      0.2688     -0.02046
      0.2764     -0.05115
      0.2839      -0.0665
       0.299      -0.1125
      0.3066      -0.1279
      0.3142      -0.1586
      0.3217      -0.1893
      0.3293      -0.2046
      0.3444      -0.2353
       0.352      -0.2506
      0.3595      -0.2353
      0.3671      -0.2046
      0.3746      -0.1893
      0.3897      -0.1279
      0.3973      -0.1125
      0.4124     -0.08184
        0.42     -0.05115
      0.4351    -0.005115
      0.4427      0.04092
      0.4502      0.08696
      0.4578        0.133
      0.4653       0.1637
      0.4804       0.1637
       0.488       0.1483
      0.4956       0.1483
      0.5107       0.1176
      0.5182      0.08696
      0.5258      0.08696
      0.5409      0.05627
      0.5485      0.05627
      0.5636      0.05627
      0.5712      0.04092
      0.5863      0.04092
      0.5938      0.05627
      0.6089      0.07161
      0.6165      0.07161
      0.6241      0.07161
      0.6392      0.05627
      0.6467      0.04092
      0.6543      0.04092
      0.6619      0.01023
      0.6845     -0.03581
      0.6921     -0.05115
      0.6996     -0.05115
      0.7148      -0.0665
      0.7223      -0.0665
      0.7299     -0.03581
      0.7374     -0.02046
      0.7526      0.02558
      0.7601      0.04092
      0.7677      0.05627
      0.7828      0.08696
      0.7904      0.08696
      0.8055      0.08696
       0.813       0.1023
      0.8281       0.1176
      0.8357        0.133
      0.8433        0.133
      0.8584       0.1023
      0.8659      0.07161
      0.8735      0.04092
      0.8811      0.01023
      0.8886     -0.02046
      0.9037     -0.05115
      0.9113     -0.05115
      0.9188     -0.05115
      0.9264     -0.08184
       0.934      -0.1125
      0.9415      -0.1586
      0.9491      -0.1739
      0.9642      -0.1893
      0.9718      -0.1586
      0.9793      -0.1279
      0.9869     -0.08184
      0.9944     -0.03581
       1.002      0.01023
        1.01      0.05627
       1.025      0.07161
       1.032      0.07161
        1.04      0.08696
       1.055      0.08696
       1.062      0.07161
        1.07      0.04092
       1.078      0.02558
       1.093      0.02558
         1.1      0.04092
       1.115      0.04092
       1.123      0.05627
       1.138      0.05627
       1.146      0.04092
       1.161      0.04092
       1.176      0.04092
       1.183      0.04092
       1.199      0.05627
       1.214      0.05627
       1.221      0.05627
       1.229      0.01023
       1.236     -0.02046
       1.244     -0.05115
       1.251     -0.08184
       1.259      -0.1125
       1.274      -0.1279
       1.282      -0.1125
       1.297     -0.09719
       1.304     -0.09719
       1.312     -0.09719
       1.327     -0.08184
       1.335     -0.08184
        1.35     -0.08184
       1.357     -0.09719
       1.372     -0.09719
        1.38     -0.08184
       1.395     -0.03581
       1.403    -0.005115
        1.41      0.04092
       1.418      0.07161
       1.425       0.1023
        1.44        0.133
       1.448        0.133
       1.463       0.1483
       1.471       0.1483
       1.486       0.1176
       1.493       0.1023
       1.508       0.1023
       1.516       0.1023
       1.524       0.1176
       1.539       0.1176
       1.546       0.1176
       1.554       0.1023
       1.561      0.07161
       1.569      0.04092
       1.576    -0.005115
       1.584     -0.02046
       1.599     -0.05115
       1.607      -0.0665
       1.622     -0.09719
       1.629     -0.09719
       1.644      -0.1279
       1.652      -0.1586
       1.667      -0.1586
       1.675      -0.1279
       1.682      -0.0665
        1.69    -0.005115
       1.697      0.05627
       1.705       0.1023
       1.713       0.1483
       1.728       0.1483
       1.735        0.133
        1.75       0.1023
       1.758      0.07161
       1.773      0.04092
       1.781      0.05627
       1.788      0.07161
       1.803       0.1176
       1.811        0.133
       1.818       0.1483
       1.833        0.133
       1.841       0.1176
       1.856      0.08696
       1.864      0.07161
       1.871      0.04092
       1.879      0.01023
       1.886     -0.03581
       1.894     -0.08184
       1.901     -0.09719
       1.917      -0.1279
       1.924      -0.1432
       1.939      -0.1739
       1.947      -0.1893
       1.962      -0.1893
        1.97      -0.1739
       1.985      -0.1739
       1.992      -0.1739
       2.007      -0.1586
       2.015      -0.1586
       2.022      -0.1432
       2.038     -0.09719
       2.045     -0.05115
       2.053     -0.02046
        2.06      0.02558
       2.068      0.05627
       2.075      0.08696
       2.083       0.1176
        2.09       0.1637
       2.106       0.2097
       2.113       0.2251
       2.128       0.2404
       2.136       0.2251
       2.151        0.179
       2.158       0.1483
       2.166       0.1176
       2.174      0.08696
       2.181      0.04092
       2.189      0.02558
       2.204      0.02558
       2.211      0.01023
       2.226     -0.05115
       2.234     -0.08184
       2.242      -0.1125
       2.257      -0.1586
       2.264      -0.1586
       2.287      -0.1432
       2.295      -0.1432
       2.302      -0.1432
       2.317      -0.1586
       2.325      -0.1586
       2.332      -0.1432
       2.347      -0.1279
       2.355      -0.1279
        2.37     -0.08184
       2.385     -0.03581
       2.393      0.01023
         2.4      0.05627
       2.408       0.1176
       2.415       0.1637
       2.423       0.1944
       2.431       0.2251
       2.446       0.2558
       2.453       0.2711
       2.468       0.3018
       2.476       0.2864
       2.483       0.2711
       2.499       0.2097
       2.506        0.179
       2.514        0.133
       2.521      0.07161
       2.529    -0.005115
       2.536     -0.05115
       2.544     -0.09719
       2.552      -0.1432
       2.559      -0.1739
       2.567      -0.2046
       2.582      -0.2353
       2.589      -0.2506
       2.597      -0.2506
       2.612      -0.2506
        2.62      -0.2506
       2.627      -0.2353
       2.635      -0.2199
       2.642      -0.1893
        2.65      -0.1432
       2.657      -0.1125
       2.665     -0.08184
        2.68     -0.05115
       2.688     -0.03581
       2.695    -0.005115
       2.703      0.01023
       2.718      0.04092
       2.725      0.04092
        2.74      0.07161
       2.748       0.1023
       2.756       0.1483
       2.763       0.1944
       2.771       0.2251
       2.778       0.2711
       2.786       0.3018
       2.793       0.3171
       2.801       0.3325
       2.816       0.2711
       2.824       0.2404
       2.831        0.179
       2.839        0.133
       2.846      0.08696
       2.854      0.04092
       2.861    -0.005115
       2.869     -0.03581
       2.877      -0.0665
       2.884     -0.08184
       2.899      -0.1125
       2.907      -0.1279
       2.922      -0.1432
       2.929      -0.1432
       2.937      -0.1125
        2.96     -0.09719
       2.967     -0.09719
        2.99      -0.0665
       2.997     -0.03581
       3.005     -0.02046
       3.013      0.01023
        3.02      0.02558
       3.028      0.04092
       3.043      0.07161
        3.05      0.07161
       3.066      0.08696
       3.081       0.1176
       3.088       0.1483
       3.096        0.179
       3.103       0.2097
       3.118       0.2097
       3.126       0.1944
       3.141       0.1483
       3.149        0.133
       3.156       0.1023
       3.164      0.07161
       3.171      0.04092
       3.186    -0.005115
       3.194     -0.02046
       3.209     -0.05115
       3.217      -0.0665
       3.224      -0.0665
       3.239     -0.09719
       3.247     -0.09719
       3.262     -0.09719
        3.27     -0.09719
       3.285     -0.09719
         3.3      -0.1125
       3.307     -0.09719
       3.323      -0.0665
        3.33      -0.0665
       3.345      -0.0665
        3.36     -0.09719
       3.368     -0.09719
       3.383      -0.1125
       3.391      -0.1125
       3.398      -0.1125
       3.413      -0.1432
       3.421      -0.1432
       3.436      -0.1432
       3.443      -0.1125
       3.451     -0.08184
       3.459     -0.03581
       3.466      0.01023
       3.474      0.04092
       3.481       0.1023
       3.489       0.1637
       3.496       0.2251
       3.504       0.2558
       3.511       0.2558
       3.519       0.2251
       3.534        0.179
       3.542       0.1637
       3.557       0.1176
       3.564       0.1176
       3.579       0.1023
       3.587      0.08696
       3.595      0.07161
       3.602      0.02558
        3.61     -0.02046
       3.617     -0.05115
       3.632      -0.0665
        3.64      -0.0665
       3.655     -0.03581
       3.663     -0.03581
       3.678     -0.05115
       3.685     -0.05115
         3.7      -0.0665
       3.708     -0.08184
       3.723     -0.08184
       3.731      -0.0665
       3.746     -0.05115
       3.753     -0.03581
       3.768    -0.005115
       3.776    -0.005115
       3.791     -0.02046
       3.799     -0.03581
       3.806     -0.03581
       3.821     -0.05115
       3.829     -0.02046
       3.844      0.04092
       3.852      0.08696
       3.859        0.133
       3.867       0.1944
       3.874       0.2251
       3.889       0.2404
       3.905        0.179
       3.912       0.1483
        3.92       0.1023
       3.927      0.05627
       3.935      0.04092
        3.95    -0.005115
       3.957    -0.005115
       3.973     -0.03581
        3.98      -0.0665
       3.988     -0.09719
       3.995      -0.1279
        4.01      -0.1586
       4.018      -0.1586
       4.025      -0.1279
       4.033      -0.1125
       4.048      -0.0665
       4.056      -0.0665
       4.071      -0.0665
       4.078      -0.0665
       4.086     -0.05115
       4.101     -0.03581
       4.109     -0.02046
       4.124     -0.02046
       4.131    -0.005115
       4.146      0.04092
       4.154      0.05627
       4.169       0.1023
       4.177       0.1176
       4.184      0.08696
       4.192      0.05627
       4.199     -0.02046
       4.207      -0.0665
       4.222      -0.0665
        4.23     -0.03581
       4.237      0.01023
       4.245      0.05627
       4.252       0.1023
        4.26        0.133
       4.282       0.1176
        4.29      0.08696
       4.305      0.05627
       4.313      0.02558
       4.328      0.01023
       4.335      0.01023
        4.35      0.01023
       4.358    -0.005115
       4.366    -0.005115
       4.381     -0.02046
       4.388     -0.02046
       4.396     -0.02046
       4.411      0.01023
       4.419      0.02558
       4.434      0.02558
       4.441      0.01023
       4.456     -0.02046
       4.464     -0.02046
       4.479     -0.03581
       4.487     -0.03581
       4.502     -0.08184
       4.509     -0.09719
       4.517     -0.09719
       4.532      -0.1125
       4.539      -0.1125
       4.555     -0.08184
        4.57     -0.05115
       4.577     -0.02046
       4.585      0.01023
       4.592      0.05627
         4.6       0.1023
       4.607        0.133
       4.615       0.1637
        4.63        0.179
       4.638       0.1944
       4.653       0.2097
        4.66       0.2097
       4.676       0.2097
       4.683       0.1944
       4.691       0.1483
       4.698       0.1023
       4.706      0.05627
       4.721      0.01023
       4.728    -0.005115
       4.744      0.01023
       4.751    -0.005115
       4.759    -0.005115
       4.766     -0.03581
       4.781      -0.0665
       4.789     -0.08184
       4.804      -0.0665
       4.819      -0.0665
       4.827      -0.0665
       4.842      -0.0665
       4.849      -0.0665
       4.857      -0.0665
       4.872     -0.08184
        4.88     -0.09719
       4.895      -0.1125
       4.902      -0.1125
        4.91     -0.09719
       4.925      -0.0665
       4.932      -0.0665
        4.94     -0.05115
       4.955     -0.02046
       4.963    -0.005115
       4.978      0.02558
       4.985      0.02558
       4.993      0.02558
       5.008      0.01023
       5.016      0.01023
       5.023      0.02558
       5.038      0.05627
       5.046      0.05627
       5.061      0.04092
       5.069      0.02558
       5.076      0.04092
       5.091      0.04092
       5.099      0.04092
       5.114      0.01023
       5.121      0.01023
       5.137      0.04092
       5.152      0.04092
       5.159      0.02558
       5.167      0.01023
       5.174     -0.02046
       5.189     -0.05115
       5.197     -0.08184
       5.212      -0.0665
       5.227     -0.05115
       5.235     -0.05115
       5.242     -0.03581
       5.258      0.01023
       5.265      0.02558
        5.28      0.05627
       5.288      0.07161
       5.295       0.1023
       5.303       0.1637
        5.31       0.2097
       5.318       0.2558
       5.326       0.2864
       5.333       0.3171
       5.348       0.2711
       5.356       0.2251
       5.363       0.1637
       5.371       0.1023
       5.378      0.05627
       5.386    -0.005115
       5.394      -0.0665
       5.401      -0.1279
       5.409      -0.1739
       5.416      -0.2199
       5.424      -0.2506
       5.431      -0.2813
       5.439       -0.266
       5.446      -0.2506
       5.454      -0.2199
       5.462      -0.1893
       5.469      -0.1586
       5.477      -0.1279
       5.492      -0.1125
       5.499      -0.1125
       5.515     -0.08184
        5.53     -0.05115
       5.537     -0.02046
       5.552      0.01023
        5.56      0.04092
       5.575      0.08696
       5.583       0.1023
       5.598       0.1176
       5.605       0.1176
        5.62      0.05627
       5.628      0.02558
       5.635    -0.005115
       5.643    -0.005115
       5.658     -0.03581
       5.666     -0.05115
       5.681     -0.08184
       5.688     -0.08184
       5.696      -0.0665
       5.711      -0.0665
       5.719     -0.03581
       5.734      0.01023
       5.741      0.02558
       5.749      0.04092
       5.764      0.04092
       5.772      0.04092
       5.787      0.05627
       5.802      0.05627
       5.809      0.05627
       5.824      0.02558
       5.832      0.01023
       5.847      0.02558
       5.855      0.04092
        5.87      0.07161
       5.877      0.08696
       5.892       0.1023
         5.9       0.1023
       5.915       0.1023
       5.923       0.1023
        5.93       0.1176
       5.945      0.07161
       5.953      0.04092
        5.96      0.02558
       5.976    -0.005115
       5.983     -0.02046
       5.998      -0.0665
       6.006     -0.09719
       6.013      -0.1432
       6.021      -0.1739
       6.029      -0.1893
       6.044      -0.1586
       6.051      -0.1432
       6.066      -0.1125
       6.081     -0.03581
       6.089      0.01023
       6.097      0.04092
       6.112      0.07161
       6.119      0.07161
       6.134      0.05627
       6.149      0.04092
       6.157      0.04092
       6.172      0.04092
        6.18      0.04092
       6.195      0.02558
        6.21    -0.005115
       6.217    -0.005115
       6.225      0.01023
        6.24      0.05627
       6.248      0.05627
       6.263      0.05627
       6.278      0.07161
       6.285      0.08696
       6.301        0.133
       6.308        0.133
       6.316       0.1176
       6.323      0.08696
       6.331      0.05627
       6.338      0.01023
       6.346     -0.03581
       6.354      -0.0665
       6.361     -0.08184
       6.376     -0.08184
       6.384      -0.0665
       6.391     -0.03581
       6.399    -0.005115
       6.406      0.02558
       6.414      0.02558
       6.422      0.04092
       6.437      0.04092
       6.444      0.05627
       6.459      0.07161
       6.474      0.08696
        6.49      0.07161
       6.497      0.05627
       6.512      0.05627
       6.527      0.04092
       6.535      0.04092
        6.55      0.01023
       6.558    -0.005115
       6.565    -0.005115
        6.58     -0.02046
       6.588     -0.03581
       6.603     -0.03581
       6.618     -0.05115
       6.626      -0.0665
       6.633      -0.0665
       6.648     -0.08184
       6.656     -0.08184
       6.671     -0.03581
       6.679    -0.005115
       6.686      0.02558
       6.694      0.04092
       6.701      0.04092
       6.716      0.01023
       6.724    -0.005115
       6.731    -0.005115
       6.747     -0.02046
       6.754     -0.02046
       6.769     -0.05115
       6.777      -0.0665
       6.784     -0.05115
       6.799     -0.02046
       6.807    -0.005115
       6.822      0.02558
        6.83      0.02558
       6.845      0.02558
       6.852      0.04092
       6.875      0.04092
       6.883      0.04092
        6.89      0.04092
       6.905      0.01023
       6.913    -0.005115
       6.928     -0.02046
       6.936     -0.02046
       6.951    -0.005115
       6.966    -0.005115
       6.973    -0.005115
       6.981    -0.005115
       6.996     -0.03581
       7.004     -0.03581
       7.019     -0.03581
       7.026     -0.02046
       7.034    -0.005115
       7.041      0.04092
       7.049      0.05627
       7.064       0.1023
       7.072       0.1023
       7.079       0.1176
       7.094       0.1176
       7.102       0.1176
       7.117        0.133
       7.132       0.1483
        7.14       0.1483
       7.147       0.1483
       7.162       0.1176
        7.17       0.1023
       7.177      0.08696
       7.193      0.05627
         7.2      0.05627
       7.208      0.05627
       7.223    -0.005115
        7.23     -0.05115
       7.238     -0.08184
       7.253      -0.1125
       7.261      -0.1125
       7.276      -0.1279
       7.283      -0.1432
       7.298      -0.1739
       7.306      -0.2046
       7.313      -0.2046
       7.329      -0.2199
       7.336      -0.2199
       7.344      -0.2046
       7.359      -0.1739
       7.366      -0.1279
       7.374      -0.0665
       7.382    -0.005115
       7.389      0.04092
       7.404      0.07161
       7.412      0.07161
       7.427      0.07161
       7.434      0.07161
        7.45      0.05627
       7.457      0.04092
       7.472      0.01023
        7.48    -0.005115
       7.487    -0.005115
       7.502     -0.02046
        7.51     -0.03581
       7.525     -0.05115
       7.533     -0.05115
       7.548     -0.02046
       7.563      0.04092
        7.57      0.05627
       7.586      0.08696
       7.593      0.08696
       7.601      0.08696
       7.616      0.05627
       7.623      0.02558
       7.631    -0.005115
       7.638     -0.02046
       7.646     -0.02046
       7.661    -0.005115
       7.669      0.02558
       7.676      0.05627
       7.684      0.08696
       7.699       0.1023
       7.707       0.1023
       7.714       0.1176
       7.729       0.1483
       7.737       0.1483
       7.744       0.1637
       7.759       0.1637
       7.767       0.1483
       7.782       0.1176
        7.79       0.1023
       7.797      0.07161
       7.805      0.04092
       7.812    -0.005115
        7.82     -0.03581
       7.827     -0.05115
       7.843     -0.08184
        7.85     -0.08184
       7.858      -0.0665
       7.873     -0.02046
        7.88    -0.005115
       7.895    -0.005115
       7.903    -0.005115
       7.911      0.01023
       7.926      0.02558
       7.933      0.04092
       7.948      0.04092
       7.956      0.05627
       7.971      0.07161
       7.979      0.07161
       7.986      0.05627
       7.994      0.02558
       8.001    -0.005115
       8.009     -0.05115
       8.016     -0.08184
       8.024     -0.09719
       8.039      -0.1279
       8.047      -0.1279
       8.054      -0.1279
       8.062      -0.1586
       8.077      -0.2046
       8.084      -0.2199
         8.1      -0.2199
       8.107      -0.2046
       8.115      -0.1739
       8.122      -0.1586
        8.13      -0.1125
       8.137     -0.08184
       8.145     -0.03581
       8.152    -0.005115
        8.16      0.01023
       8.175      0.04092
       8.183      0.05627
       8.198      0.05627
       8.205      0.05627
       8.221      0.04092
       8.228      0.02558
       8.236      0.02558
       8.251      0.04092
       8.258      0.05627
       8.273      0.05627
       8.281      0.07161
       8.296       0.1023
       8.304       0.1176
       8.319        0.133
       8.326        0.133
       8.334       0.1023
       8.349      0.05627
       8.357      0.04092
       8.372    -0.005115
       8.379     -0.03581
       8.394      -0.0665
       8.402      -0.0665
       8.409      -0.0665
       8.425     -0.08184
       8.432      -0.0665
        8.44     -0.05115
       8.447     -0.02046
       8.455      0.02558
       8.462      0.05627
        8.47       0.1023
       8.478        0.133
       8.493       0.1483
         8.5       0.1483
       8.508       0.1176
       8.515      0.08696
       8.523      0.05627
        8.53      0.04092
       8.546      0.02558
       8.553      0.01023
       8.568      0.01023
       8.576      0.02558
       8.591      0.02558
       8.598      0.02558
       8.606      0.01023
       8.621     -0.02046
       8.629     -0.05115
       8.644     -0.08184
       8.651      -0.0665
       8.659     -0.05115
       8.674     -0.02046
       8.682     -0.02046
       8.697     -0.02046
       8.712     -0.03581
       8.719     -0.05115
       8.735     -0.05115
       8.742     -0.05115
       8.757     -0.05115
       8.765     -0.03581
        8.78     -0.05115
       8.787     -0.05115
       8.803     -0.03581
        8.81     -0.03581
       8.825     -0.03581
       8.833     -0.02046
       8.848      0.01023
       8.855      0.02558
       8.871      0.04092
       8.878      0.04092
       8.893      0.04092
       8.908      0.04092
       8.916      0.04092
       8.931    -0.005115
       8.939     -0.02046
       8.961     -0.03581
       8.976     -0.03581
