     0.01186     -0.00542
     0.02699      0.03252
     0.03455      0.05149
     0.04968      0.08943
     0.05725       0.1084
     0.07238       0.1653
     0.07994       0.1653
     0.08751       0.1843
      0.1026       0.2222
      0.1178       0.2791
      0.1253       0.2981
      0.1405       0.2602
       0.148       0.2222
      0.1632       0.1653
      0.1707       0.1463
      0.1783       0.1084
      0.1859      0.07046
       0.201      0.05149
      0.2085      0.07046
      0.2237      0.05149
      0.2312      0.05149
      0.2388      0.01355
      0.2464     -0.00542
      0.2615     -0.04336
      0.2691      -0.1003
      0.2766      -0.1382
      0.2842      -0.1951
      0.2918      -0.2331
      0.3069       -0.252
      0.3145      -0.2331
      0.3296      -0.1762
      0.3371      -0.1382
      0.3447      -0.0813
      0.3523     -0.04336
      0.3598     -0.00542
      0.3674      0.05149
       0.375      0.07046
      0.3825       0.1084
      0.3901       0.1274
      0.3977       0.1653
      0.4052       0.2033
      0.4128       0.2412
      0.4204       0.2602
      0.4355       0.2981
      0.4431       0.3171
      0.4582        0.336
      0.4658        0.355
      0.4809        0.355
      0.4884        0.355
      0.5036       0.2981
      0.5111       0.2791
      0.5263       0.2033
      0.5338       0.1274
      0.5414      0.07046
      0.5414     -0.00542
       0.549     -0.04336
      0.5565      -0.1382
      0.5641      -0.2141
      0.5717       -0.271
      0.5792      -0.3469
      0.5868      -0.3848
      0.6019      -0.4228
      0.6095      -0.4228
      0.6246      -0.3659
      0.6397      -0.3279
      0.6473        -0.29
      0.6549       -0.252
      0.6624      -0.1951
        0.67      -0.1572
      0.6776      -0.1003
      0.6851     -0.06233
      0.6927     -0.02439
      0.7078     -0.00542
      0.7154     -0.00542
      0.7305      0.01355
      0.7381      0.05149
      0.7457      0.07046
      0.7608      0.08943
      0.7683      0.08943
       0.791       0.1274
      0.8062       0.1463
      0.8137       0.1463
      0.8289       0.1463
       0.844      0.08943
      0.8516      0.05149
      0.8591      0.05149
      0.8743     -0.00542
      0.8818     -0.00542
       0.897     -0.04336
      0.9045     -0.06233
      0.9121     -0.04336
      0.9196     -0.02439
      0.9272      0.05149
      0.9272     -0.00542
      0.9348      0.07046
      0.9499       0.1274
      0.9575       0.1463
      0.9726       0.1653
      0.9802       0.1843
      0.9877       0.2412
      0.9953       0.2981
       1.003        0.355
       1.018        0.355
       1.026       0.3171
       1.033       0.2791
       1.048       0.2222
       1.056       0.1653
       1.063      0.08943
       1.071      0.01355
       1.079     -0.06233
       1.086      -0.1382
       1.094      -0.2141
       1.101       -0.271
       1.109      -0.3279
       1.116      -0.3848
       1.124      -0.4038
       1.139      -0.4228
       1.147      -0.4228
       1.154      -0.4228
       1.169      -0.4417
       1.177      -0.4417
       1.192      -0.3848
         1.2      -0.3279
       1.207        -0.29
       1.215      -0.2331
       1.222      -0.1951
        1.23      -0.1572
       1.237      -0.1192
       1.245      -0.0813
       1.253     -0.04336
        1.26     -0.00542
       1.268      0.01355
       1.275      0.05149
       1.283      0.08943
        1.29       0.1274
       1.298       0.1653
       1.305       0.2222
       1.313       0.2602
       1.321       0.2981
       1.336       0.2981
       1.343       0.2791
       1.351       0.2602
       1.366       0.2222
       1.374       0.2033
       1.389       0.1463
       1.396       0.1274
       1.411       0.1084
       1.419      0.08943
       1.426      0.07046
       1.442      0.03252
       1.449     -0.00542
       1.457     -0.00542
       1.472     -0.04336
       1.479     -0.04336
       1.495     -0.02439
       1.502     -0.00542
       1.517      0.03252
       1.525      0.05149
       1.532      0.07046
       1.548       0.1274
       1.555       0.1274
        1.57       0.1084
       1.578      0.08943
       1.593      0.07046
         1.6      0.07046
       1.616      0.07046
       1.631      0.07046
       1.638      0.07046
       1.646      0.08943
       1.661      0.05149
       1.669      0.01355
       1.676     -0.02439
       1.691     -0.06233
       1.699     -0.04336
       1.706     -0.02439
       1.714      0.05149
       1.722      0.07046
       1.737       0.1274
       1.744       0.1274
       1.752       0.1084
       1.759      0.07046
       1.767      0.05149
       1.774     -0.00542
       1.782     -0.02439
        1.79     -0.02439
       1.805     -0.04336
       1.812     -0.06233
       1.827      -0.0813
       1.835     -0.06233
        1.85     -0.02439
       1.858     -0.00542
       1.873      0.03252
        1.88      0.03252
       1.888      0.05149
       1.903      0.01355
       1.911     -0.00542
       1.918     -0.04336
       1.926      -0.0813
       1.941      -0.1192
       1.948      -0.1192
       1.964      -0.0813
       1.971     -0.04336
       1.986     -0.00542
       2.001     -0.00542
       2.009     -0.00542
       2.024     -0.00542
       2.032     -0.02439
       2.039     -0.04336
       2.054      -0.0813
       2.062      -0.1003
       2.077      -0.1382
       2.085      -0.1762
         2.1      -0.1762
       2.107      -0.1572
       2.122      -0.1572
        2.13      -0.1382
       2.145      -0.1192
       2.153      -0.1382
       2.168      -0.1572
       2.191      -0.1572
       2.198      -0.1192
       2.213      -0.0813
       2.221     -0.06233
       2.236     -0.06233
       2.251      -0.1192
       2.259      -0.1192
       2.266      -0.1003
       2.274     -0.06233
       2.281     -0.02439
       2.296      0.05149
       2.304      0.07046
       2.312       0.1084
       2.319       0.1463
       2.327       0.1843
       2.342       0.2222
       2.349       0.2222
       2.365       0.2033
       2.372       0.2033
       2.387       0.1653
       2.395       0.1463
        2.41       0.1653
       2.425       0.2033
       2.433       0.2412
        2.44       0.2791
       2.448        0.336
       2.463        0.374
        2.47        0.355
       2.478       0.3171
       2.486       0.2981
       2.501       0.2602
       2.508       0.2222
       2.516       0.1843
       2.523       0.1084
       2.531      0.05149
       2.539     -0.02439
       2.546     -0.06233
       2.554      -0.1192
       2.561      -0.1572
       2.569      -0.1951
       2.576      -0.2141
       2.591      -0.2331
       2.599       -0.252
       2.614       -0.271
       2.622       -0.252
       2.637      -0.2141
       2.644      -0.1951
        2.66      -0.1382
       2.667      -0.1192
       2.682      -0.0813
        2.69     -0.04336
       2.697      0.03252
       2.705      0.08943
       2.713       0.1463
        2.72       0.2033
       2.728       0.2412
       2.743       0.2033
        2.75       0.1653
       2.758       0.1463
       2.773       0.1274
       2.788       0.1274
       2.803       0.1274
       2.811       0.1274
       2.818       0.1274
       2.834      0.07046
       2.841      0.05149
       2.849     -0.00542
       2.856     -0.04336
       2.871      -0.1003
       2.879      -0.1192
       2.894      -0.1572
       2.902      -0.1572
       2.917      -0.1762
       2.924      -0.1762
       2.939      -0.1572
       2.955      -0.1003
       2.962      -0.0813
       2.977      -0.0813
       2.985      -0.0813
           3      -0.0813
       3.008      -0.0813
       3.015     -0.06233
        3.03     -0.02439
       3.038     -0.02439
       3.053     -0.02439
       3.061     -0.02439
       3.068     -0.02439
       3.083     -0.06233
       3.091     -0.06233
       3.098     -0.04336
       3.113     -0.00542
       3.121     -0.00542
       3.136     -0.00542
       3.144     -0.00542
       3.151     -0.00542
       3.166     -0.02439
       3.174     -0.00542
       3.189     -0.02439
       3.197     -0.02439
       3.204     -0.02439
       3.219     -0.04336
       3.227     -0.06233
       3.242      -0.1003
        3.25      -0.1003
       3.265     -0.04336
        3.28      0.01355
       3.287      0.03252
       3.303      0.01355
       3.325      0.03252
       3.333      0.05149
       3.348       0.1084
       3.356       0.1274
       3.363       0.1843
       3.371       0.2222
       3.378       0.2602
       3.393       0.2981
       3.401       0.3171
       3.416       0.2981
       3.424       0.2981
       3.431       0.2602
       3.439       0.2222
       3.446       0.1843
       3.454       0.1463
       3.461       0.1084
       3.477      0.05149
       3.484      0.05149
       3.499      0.05149
       3.507      0.03252
       3.514     -0.00542
       3.522     -0.02439
       3.537     -0.06233
       3.545      -0.0813
        3.56      -0.1003
       3.567      -0.0813
        3.59      -0.1003
       3.598      -0.1003
       3.613      -0.1192
        3.62      -0.1192
       3.635      -0.1192
       3.643      -0.1192
       3.651      -0.0813
       3.658     -0.06233
       3.666     -0.02439
       3.673      0.03252
       3.681      0.07046
       3.696       0.1084
       3.704       0.1463
       3.719       0.1843
       3.726       0.2033
       3.741       0.1843
       3.749       0.1843
       3.764       0.1653
       3.772       0.1463
       3.787       0.1084
       3.794      0.08943
       3.802       0.1084
       3.817       0.1463
       3.825       0.1463
       3.832       0.1463
       3.847       0.1084
       3.855      0.07046
        3.87      0.01355
       3.878     -0.02439
       3.885     -0.06233
       3.893      -0.1003
         3.9      -0.1192
       3.908      -0.1572
       3.915      -0.1951
        3.93      -0.2331
       3.938      -0.2331
       3.953      -0.2331
       3.961       -0.252
       3.976       -0.252
       3.983       -0.252
       3.991      -0.2141
       3.999      -0.1951
       4.006      -0.1572
       4.014      -0.1192
       4.021      -0.0813
       4.029     -0.04336
       4.044      0.01355
       4.052      0.03252
       4.059      0.05149
       4.074      0.05149
       4.082      0.05149
       4.097      0.05149
       4.104      0.05149
        4.12     -0.00542
       4.127     -0.02439
       4.142     -0.06233
        4.15      -0.0813
       4.165      -0.1192
       4.173      -0.1192
       4.188      -0.0813
       4.195     -0.04336
       4.203     -0.04336
        4.21     -0.02439
       4.226     -0.00542
       4.233     -0.00542
       4.241      0.05149
       4.248      0.08943
       4.256       0.1274
       4.271       0.1463
       4.278       0.1274
       4.294       0.1084
       4.301       0.1084
       4.309       0.1274
       4.324       0.1274
       4.331       0.1274
       4.347       0.1084
       4.354      0.08943
       4.369      0.07046
       4.384      0.05149
       4.392      0.05149
       4.407      0.03252
       4.415      0.01355
        4.43     -0.02439
       4.437      -0.0813
       4.445      -0.1192
       4.452      -0.1382
       4.468      -0.1762
       4.475      -0.1572
       4.483      -0.1382
       4.498      -0.0813
       4.505     -0.04336
       4.513     -0.02439
       4.521      0.01355
       4.528      0.07046
       4.543       0.1084
       4.551       0.1084
       4.566      0.07046
       4.574      0.05149
       4.589      0.01355
       4.596      0.03252
       4.604      0.05149
       4.611      0.07046
       4.626       0.1274
       4.634       0.1463
       4.649       0.1274
       4.657       0.1274
       4.672       0.1463
       4.679       0.1843
       4.687       0.2033
       4.702       0.2033
        4.71       0.2033
       4.717       0.2033
       4.732       0.1463
        4.74       0.1084
       4.747      0.07046
       4.763     -0.00542
        4.77     -0.02439
       4.785     -0.06233
       4.793      -0.1003
       4.808      -0.1572
       4.823      -0.1951
       4.831      -0.2141
       4.846      -0.1951
       4.853      -0.1762
       4.869      -0.1762
       4.876      -0.1762
       4.891      -0.1762
       4.899      -0.1572
       4.906      -0.1382
       4.914      -0.0813
       4.921     -0.02439
       4.929      0.05149
       4.937      0.08943
       4.944       0.1274
       4.959       0.1274
       4.967       0.1084
       4.974      0.07046
       4.982      0.03252
        4.99     -0.00542
       4.997     -0.00542
       5.005     -0.04336
       5.012     -0.06233
        5.02      -0.1003
       5.035      -0.1382
       5.043      -0.1382
       5.058      -0.1003
       5.065      -0.0813
        5.08     -0.06233
       5.088     -0.06233
       5.095     -0.06233
       5.111      -0.1003
       5.118      -0.0813
       5.133     -0.04336
       5.141      0.03252
       5.141     -0.00542
       5.148      0.07046
       5.156       0.1084
       5.164       0.1653
       5.171       0.2033
       5.179       0.2222
       5.186       0.2412
       5.201       0.2791
       5.209       0.2981
       5.224        0.336
       5.232        0.336
       5.239       0.2981
       5.247       0.2412
       5.254       0.1653
       5.262      0.08943
       5.269      0.05149
       5.269     -0.00542
       5.277     -0.02439
       5.292     -0.06233
         5.3      -0.0813
       5.315      -0.1382
       5.322      -0.1572
       5.338      -0.2141
       5.345      -0.2141
       5.353      -0.1951
       5.368      -0.1382
       5.375      -0.1192
       5.383      -0.1003
       5.398      -0.1192
       5.406      -0.1382
       5.421      -0.1762
       5.428      -0.1762
       5.443      -0.1572
       5.451      -0.1382
       5.459      -0.1192
       5.466      -0.0813
       5.474     -0.04336
       5.489      0.03252
       5.496      0.05149
       5.512      0.08943
       5.519       0.1084
       5.534       0.1274
       5.542       0.1463
       5.557       0.1463
       5.565       0.1463
       5.587       0.1653
       5.595       0.1843
        5.61       0.2033
       5.617       0.2222
       5.633       0.2222
       5.648       0.1843
       5.655       0.1653
       5.663       0.1843
       5.678       0.1843
       5.686       0.1274
       5.693      0.07046
       5.701     -0.02439
       5.708      -0.0813
       5.716      -0.1382
       5.723      -0.1951
       5.739      -0.2331
       5.746      -0.2141
       5.761      -0.1762
       5.769      -0.1572
       5.784      -0.1003
       5.791      -0.0813
       5.799     -0.02439
       5.807      0.03252
       5.814      0.08943
       5.822       0.1274
       5.829       0.1653
       5.844       0.1653
       5.852       0.1463
       5.867       0.1084
       5.875      0.08943
        5.89      0.07046
       5.905      0.05149
       5.912      0.03252
        5.92     -0.00542
       5.928     -0.00542
       5.943     -0.00542
        5.95     -0.00542
       5.965      0.01355
       5.973     -0.00542
       5.988     -0.06233
       5.996      -0.1003
       6.003      -0.1003
       6.018      -0.0813
       6.026     -0.06233
       6.034     -0.02439
       6.056      0.05149
       6.064       0.1084
       6.071       0.1653
       6.071       0.1274
       6.079       0.1843
       6.094       0.2033
       6.102       0.1843
       6.109       0.1653
       6.124       0.1084
       6.139      0.05149
       6.147      0.03252
       6.155     -0.00542
       6.162     -0.02439
       6.177      -0.0813
       6.185      -0.1192
         6.2      -0.1572
       6.208      -0.1762
       6.223      -0.2331
        6.23       -0.252
       6.245        -0.29
       6.253        -0.29
        6.26        -0.29
       6.276       -0.252
       6.283      -0.2141
       6.291      -0.1572
       6.298      -0.1003
       6.306     -0.04336
       6.313     -0.00542
       6.321      0.03252
       6.329      0.05149
       6.344      0.07046
       6.351      0.08943
       6.366       0.1084
       6.374       0.1084
       6.389       0.1084
       6.397       0.1084
       6.412       0.1084
       6.419       0.1274
       6.434       0.1274
       6.442       0.1274
       6.457      0.08943
       6.465      0.05149
       6.472      0.01355
        6.48     -0.04336
       6.495      -0.0813
       6.503      -0.0813
        6.51     -0.06233
       6.525     -0.02439
       6.533     -0.00542
       6.548     -0.00542
       6.556     -0.00542
       6.571     -0.02439
       6.578     -0.00542
       6.586      0.01355
       6.601      0.05149
       6.608      0.03252
       6.624      0.03252
       6.631      0.03252
       6.639     -0.00542
       6.646     -0.04336
       6.661      -0.0813
       6.669      -0.0813
       6.684     -0.06233
       6.692     -0.04336
       6.707     -0.02439
       6.714     -0.00542
       6.722      0.01355
        6.73      0.05149
       6.737      0.08943
       6.745       0.1274
       6.752       0.1463
       6.767       0.1463
       6.782       0.1274
       6.798      0.08943
       6.805      0.08943
        6.82       0.1084
       6.828       0.1084
       6.843      0.08943
       6.851      0.08943
       6.866      0.08943
       6.873       0.1274
       6.888       0.1463
       6.896       0.1463
       6.911       0.1274
       6.926      0.07046
       6.941      0.03252
       6.949      0.01355
       6.964     -0.02439
       6.972     -0.04336
       6.987     -0.06233
       7.002      -0.1003
       7.009      -0.1003
       7.025      -0.1003
       7.032      -0.1003
        7.04      -0.1003
       7.055      -0.0813
       7.062     -0.06233
       7.077     -0.02439
       7.085     -0.00542
         7.1      0.05149
       7.108      0.07046
       7.115       0.1084
       7.123       0.1084
        7.13       0.1084
       7.138      0.07046
       7.153     -0.02439
       7.161     -0.06233
       7.168      -0.1003
       7.176      -0.1192
       7.191      -0.0813
       7.206     -0.06233
       7.214     -0.06233
       7.229      -0.0813
       7.236     -0.06233
       7.251     -0.02439
       7.259     -0.00542
       7.274     -0.02439
       7.282     -0.06233
       7.289      -0.1003
       7.297      -0.1192
       7.312      -0.1382
        7.32      -0.1192
       7.327      -0.1003
       7.342      -0.1003
        7.35      -0.0813
       7.365     -0.06233
       7.373     -0.06233
       7.388     -0.04336
       7.395     -0.02439
        7.41     -0.00542
       7.418      0.03252
       7.433      0.07046
       7.441      0.08943
       7.456      0.08943
       7.463      0.08943
       7.478       0.1084
       7.494       0.1463
       7.501       0.1653
       7.516       0.1653
       7.524       0.1653
       7.539       0.1463
       7.547       0.1274
       7.562       0.1084
       7.569      0.08943
       7.584      0.07046
       7.592      0.07046
       7.607      0.05149
       7.615      0.03252
        7.63     -0.00542
       7.637     -0.00542
       7.668      0.03252
       7.675      0.03252
       7.705      0.03252
       7.713      0.05149
       7.728      0.07046
       7.736      0.08943
       7.751      0.07046
       7.758      0.05149
       7.781      0.03252
       7.789      0.03252
       7.804     -0.00542
       7.811     -0.00542
       7.819     -0.00542
       7.834     -0.04336
       7.842     -0.06233
       7.857      -0.0813
       7.864      -0.0813
       7.879     -0.06233
       7.887     -0.04336
       7.902     -0.04336
        7.91     -0.06233
       7.917      -0.1003
       7.925      -0.1382
        7.94      -0.1762
       7.947      -0.1572
       7.963      -0.1382
        7.97      -0.1382
       7.985      -0.0813
           8     -0.06233
       8.008     -0.04336
       8.023     -0.00542
       8.031     -0.00542
       8.046      0.03252
       8.053      0.01355
       8.068     -0.02439
       8.076     -0.02439
       8.084     -0.00542
       8.099      0.05149
       8.106      0.08943
       8.114       0.1274
       8.121       0.1653
       8.137       0.1843
       8.144       0.1843
       8.159       0.1843
       8.174       0.1274
       8.182       0.1084
        8.19      0.07046
       8.205      0.03252
       8.212      0.03252
       8.227      0.03252
       8.235      0.05149
        8.25      0.07046
       8.258      0.07046
       8.273       0.1084
       8.288       0.1274
       8.295       0.1463
       8.311       0.1653
       8.318       0.1843
       8.333       0.1843
       8.341       0.1463
       8.348       0.1084
       8.356      0.05149
       8.364     -0.00542
       8.371     -0.02439
       8.386     -0.06233
       8.394      -0.0813
       8.401      -0.1192
       8.409      -0.1572
       8.416      -0.1951
       8.424      -0.2331
       8.439        -0.29
       8.447      -0.3089
       8.462      -0.3089
       8.469      -0.3089
       8.485       -0.271
       8.492       -0.252
         8.5      -0.2141
       8.507      -0.1762
       8.515      -0.1382
       8.522      -0.1003
        8.53      -0.0813
       8.538     -0.04336
       8.545     -0.00542
       8.553      0.03252
        8.56      0.05149
       8.568      0.07046
       8.575       0.1084
       8.583       0.1463
       8.598       0.2033
       8.606       0.2222
       8.621       0.2033
       8.628       0.1843
       8.636       0.1274
       8.643      0.08943
       8.651      0.07046
       8.666      0.05149
       8.674      0.08943
       8.681       0.1274
       8.689       0.1653
       8.704       0.1653
       8.712       0.1653
       8.727       0.1653
       8.734       0.1653
       8.749       0.1463
       8.757       0.1084
       8.764      0.07046
       8.772      0.05149
        8.78     -0.00542
       8.787     -0.04336
       8.795      -0.0813
       8.802      -0.1003
       8.817      -0.1382
       8.825      -0.1382
        8.84      -0.1382
       8.848      -0.1382
       8.855      -0.1382
        8.87      -0.1762
       8.878      -0.1951
       8.893      -0.1951
       8.908      -0.1572
       8.923      -0.1572
       8.931      -0.1572
       8.946      -0.1762
       8.954      -0.1951
       8.969      -0.1572
       8.976      -0.1572
