     0.01181      0.09719
     0.03448      0.03942
     0.04203      0.03942
     0.05714      0.03942
      0.0647      0.02016
     0.07981     -0.01835
     0.08736     -0.03761
     0.09492     -0.01835
        0.11      0.02016
      0.1176      0.03942
      0.1327    0.0009027
      0.1402     -0.01835
      0.1478     -0.01835
      0.1629     -0.05687
      0.1705     -0.05687
      0.1856     -0.05687
      0.1931     -0.05687
      0.2082     -0.05687
      0.2158     -0.03761
      0.2234    0.0009027
      0.2385      0.03942
       0.246      0.03942
      0.2611      0.03942
      0.2687      0.03942
      0.2762    0.0009027
      0.2838    0.0009027
      0.2989    0.0009027
      0.3065      0.05867
      0.3216      0.09719
      0.3291      0.09719
      0.3442      0.07793
      0.3518      0.05867
      0.3669      0.03942
      0.3745      0.03942
      0.3971      0.02016
      0.4047    0.0009027
      0.4122    0.0009027
      0.4273     -0.03761
      0.4349     -0.05687
        0.45     -0.01835
      0.4651      0.02016
      0.4727      0.03942
      0.4878      0.03942
      0.5029      0.03942
       0.518      0.03942
      0.5256      0.05867
      0.5331      0.05867
      0.5482    0.0009027
      0.5558     -0.03761
      0.5709     -0.07612
      0.5784     -0.09538
      0.5936     -0.07612
      0.6011     -0.03761
      0.6087     -0.01835
      0.6238      0.03942
      0.6313      0.02016
      0.6464     -0.01835
       0.654    0.0009027
      0.6691      0.03942
      0.6767      0.05867
      0.6918      0.07793
      0.6993      0.09719
      0.7144       0.1164
       0.722       0.1164
      0.7295       0.1357
      0.7447       0.1164
      0.7522      0.09719
      0.7598      0.05867
      0.7673      0.02016
      0.7749     -0.01835
      0.7824     -0.05687
        0.79     -0.07612
      0.7975     -0.07612
      0.8126     -0.07612
      0.8202     -0.05687
      0.8353    0.0009027
      0.8429      0.03942
      0.8504      0.07793
      0.8655       0.1357
      0.8731       0.1357
      0.8882       0.1164
      0.8958      0.09719
      0.9109      0.05867
      0.9184    0.0009027
       0.926     -0.03761
      0.9411     -0.05687
      0.9486     -0.03761
      0.9637     -0.03761
      0.9713     -0.03761
      0.9864     -0.01835
       1.002    0.0009027
       1.009      0.02016
       1.024      0.03942
       1.032      0.05867
       1.047      0.03942
       1.054      0.02016
        1.07    0.0009027
       1.085     -0.03761
       1.092     -0.07612
       1.107      -0.1146
       1.115      -0.1146
        1.13     -0.05687
       1.138     -0.01835
       1.153      0.05867
        1.16      0.07793
       1.175       0.1164
       1.183       0.1164
       1.198       0.1164
       1.206      0.09719
       1.213      0.09719
       1.228      0.05867
       1.236      0.03942
       1.251    0.0009027
       1.258     -0.01835
       1.274     -0.01835
       1.281     -0.01835
       1.296     -0.01835
       1.304    0.0009027
       1.319    0.0009027
       1.326     -0.01835
       1.342     -0.03761
       1.349     -0.01835
       1.364    0.0009027
       1.372      0.03942
       1.379      0.05867
       1.394      0.05867
       1.402      0.05867
       1.417      0.05867
       1.425      0.05867
       1.447      0.05867
       1.455      0.05867
        1.47      0.03942
       1.477      0.02016
       1.493    0.0009027
       1.508     -0.03761
       1.515     -0.03761
        1.53     -0.03761
       1.538     -0.03761
       1.553     -0.03761
       1.561     -0.01835
       1.576    0.0009027
       1.583    0.0009027
       1.606      0.03942
       1.613      0.03942
       1.636    0.0009027
       1.644    0.0009027
       1.651     -0.01835
       1.666     -0.05687
       1.674     -0.07612
       1.689     -0.07612
       1.697     -0.07612
       1.704     -0.05687
       1.719     -0.01835
       1.727    0.0009027
       1.742      0.02016
       1.749      0.03942
       1.765      0.03942
       1.772      0.03942
       1.787      0.03942
       1.795      0.02016
        1.81     -0.01835
       1.817     -0.03761
       1.833     -0.01835
       1.848    0.0009027
       1.855      0.02016
        1.87      0.03942
       1.878      0.05867
       1.893      0.07793
       1.901      0.07793
       1.916      0.07793
       1.931      0.05867
       1.938      0.05867
       1.953      0.05867
       1.961      0.05867
       1.976      0.09719
       1.991       0.1164
       1.999       0.1164
       2.014      0.09719
       2.021      0.07793
       2.029      0.07793
       2.044    0.0009027
       2.052     -0.05687
       2.059     -0.09538
       2.067      -0.1146
       2.082      -0.1532
       2.089      -0.1532
       2.105      -0.1146
        2.12     -0.05687
       2.127     -0.05687
       2.135     -0.03761
        2.15    0.0009027
       2.157    0.0009027
       2.165      0.03942
       2.173      0.03942
       2.188      0.07793
       2.203      0.09719
        2.21      0.09719
       2.225      0.05867
       2.233      0.03942
       2.241    0.0009027
       2.248    0.0009027
       2.263     -0.05687
       2.271     -0.05687
       2.286     -0.03761
       2.293     -0.01835
       2.309      0.03942
       2.316      0.05867
       2.331      0.05867
       2.339      0.05867
       2.354      0.05867
       2.369      0.05867
       2.377      0.03942
       2.392    0.0009027
       2.399    0.0009027
       2.414    0.0009027
       2.422      0.02016
       2.437      0.03942
       2.452      0.03942
       2.467      0.03942
       2.475      0.03942
       2.482      0.05867
       2.497      0.07793
       2.505      0.07793
        2.52      0.09719
       2.528      0.09719
       2.543      0.09719
        2.55      0.09719
       2.558      0.05867
       2.573    0.0009027
       2.581    0.0009027
       2.596     -0.05687
       2.603     -0.07612
       2.618     -0.07612
       2.633     -0.05687
       2.641     -0.03761
       2.649    0.0009027
       2.664    0.0009027
       2.671    0.0009027
       2.686     -0.01835
       2.694     -0.01835
       2.709     -0.03761
       2.717     -0.05687
       2.724     -0.03761
       2.739    0.0009027
       2.747    0.0009027
       2.754      0.03942
       2.762      0.03942
       2.777      0.03942
       2.785      0.03942
         2.8      0.02016
       2.807    0.0009027
       2.822     -0.03761
        2.83     -0.03761
       2.845     -0.03761
       2.853     -0.03761
        2.86    0.0009027
       2.868      0.02016
       2.883      0.09719
        2.89       0.1164
       2.905      0.07793
       2.913      0.05867
       2.921    0.0009027
       2.928     -0.01835
       2.943     -0.03761
       2.951     -0.01835
       2.966    0.0009027
       2.973    0.0009027
       2.989      0.03942
       2.996      0.03942
       3.011      0.03942
       3.019      0.02016
       3.034    0.0009027
       3.049    0.0009027
       3.064     -0.01835
       3.072     -0.03761
       3.079     -0.07612
       3.087      -0.1146
       3.094      -0.1339
       3.109      -0.1146
       3.117     -0.07612
       3.124     -0.01835
       3.132      0.05867
       3.132    0.0009027
        3.14      0.07793
       3.147       0.1164
       3.155        0.155
        3.17        0.155
       3.177       0.1357
       3.185      0.09719
       3.192      0.05867
         3.2    0.0009027
       3.208     -0.01835
       3.223     -0.01835
       3.245    0.0009027
       3.253    0.0009027
       3.268    0.0009027
       3.283     -0.01835
       3.291     -0.01835
       3.298    0.0009027
       3.313      0.03942
       3.321      0.03942
       3.336      0.03942
       3.344      0.03942
       3.351      0.05867
       3.366      0.03942
       3.374      0.03942
       3.389      0.02016
       3.404    0.0009027
       3.419    0.0009027
       3.434     -0.03761
       3.449     -0.03761
       3.464     -0.05687
       3.472     -0.03761
       3.487     -0.01835
       3.495     -0.01835
        3.51     -0.01835
       3.517     -0.01835
       3.525    0.0009027
        3.54    0.0009027
       3.548    0.0009027
       3.563    0.0009027
        3.57    0.0009027
       3.578      0.03942
       3.585      0.05867
         3.6      0.07793
       3.608      0.07793
       3.623      0.03942
       3.631      0.03942
       3.646      0.05867
       3.653      0.05867
       3.668      0.05867
       3.676      0.05867
       3.691      0.05867
       3.706    0.0009027
       3.714    0.0009027
       3.729     -0.01835
       3.736    0.0009027
       3.752      0.03942
       3.759      0.02016
       3.767    0.0009027
       3.782     -0.03761
       3.789     -0.05687
       3.797     -0.03761
       3.812     -0.03761
        3.82     -0.01835
       3.835     -0.01835
        3.85    0.0009027
       3.865      0.02016
       3.872      0.03942
       3.888      0.03942
       3.895      0.05867
        3.91      0.05867
       3.918      0.03942
       3.933    0.0009027
        3.94    0.0009027
       3.956     -0.03761
       3.963     -0.05687
       3.971     -0.03761
       3.986     -0.01835
       3.993    0.0009027
       4.008      0.03942
       4.016      0.05867
       4.031      0.07793
       4.046      0.09719
       4.061      0.05867
       4.069      0.03942
       4.084     -0.01835
       4.092     -0.01835
       4.107     -0.03761
       4.114     -0.03761
       4.122     -0.01835
       4.137    0.0009027
       4.144    0.0009027
        4.16    0.0009027
       4.175     -0.01835
       4.182    0.0009027
       4.197      0.03942
       4.205      0.05867
        4.22       0.1164
       4.228       0.1164
       4.243      0.09719
        4.25      0.09719
       4.265      0.05867
       4.273      0.03942
       4.288      0.03942
       4.296      0.02016
       4.303    0.0009027
       4.318     -0.03761
       4.326     -0.07612
       4.333     -0.07612
       4.348     -0.07612
       4.356     -0.05687
       4.371     -0.03761
       4.379     -0.03761
       4.394     -0.03761
       4.401     -0.03761
       4.416     -0.03761
       4.424     -0.03761
       4.447    0.0009027
       4.462      0.05867
       4.469      0.07793
       4.484       0.1164
       4.492      0.09719
       4.507      0.03942
       4.515      0.03942
        4.53      0.03942
       4.537      0.05867
       4.552      0.03942
        4.56      0.03942
       4.575     -0.01835
       4.583     -0.01835
       4.598     -0.01835
       4.605     -0.01835
        4.62     -0.03761
       4.643     -0.03761
       4.651     -0.01835
       4.666      0.02016
       4.673      0.05867
       4.681      0.07793
       4.688      0.09719
       4.704      0.07793
       4.711      0.05867
       4.726    0.0009027
       4.734     -0.01835
       4.741     -0.01835
       4.756     -0.03761
       4.764     -0.03761
       4.772     -0.01835
       4.787    0.0009027
       4.794    0.0009027
       4.802      0.03942
       4.817      0.07793
       4.824      0.07793
       4.832      0.07793
       4.847      0.03942
       4.855    0.0009027
        4.87     -0.01835
       4.877    0.0009027
       4.892      0.03942
         4.9      0.05867
       4.915      0.05867
       4.923      0.05867
        4.93      0.07793
       4.945      0.07793
       4.953      0.07793
       4.968      0.07793
       4.975      0.09719
       4.991      0.09719
       4.998      0.09719
       5.013      0.09719
       5.021      0.07793
       5.036    0.0009027
       5.043     -0.01835
       5.059     -0.07612
       5.066     -0.09538
       5.074     -0.09538
       5.089     -0.09538
       5.096     -0.07612
       5.104     -0.05687
       5.119    0.0009027
       5.127    0.0009027
       5.142    0.0009027
       5.149    0.0009027
       5.164    0.0009027
       5.172    0.0009027
       5.179    0.0009027
       5.195     -0.01835
       5.202     -0.01835
       5.217    0.0009027
       5.225    0.0009027
        5.24    0.0009027
       5.247    0.0009027
       5.263    0.0009027
       5.278    0.0009027
       5.285    0.0009027
       5.293      0.03942
       5.308      0.09719
       5.315       0.1164
       5.331       0.1164
       5.338      0.09719
       5.353      0.05867
       5.361      0.03942
       5.376      0.03942
       5.383      0.03942
       5.399    0.0009027
       5.406     -0.01835
       5.421     -0.05687
       5.429     -0.05687
       5.444     -0.05687
       5.451     -0.05687
       5.467     -0.07612
       5.474     -0.07612
       5.482     -0.05687
       5.497     -0.01835
       5.504    0.0009027
       5.512      0.03942
       5.519      0.05867
       5.535      0.07793
       5.542      0.05867
       5.557      0.05867
       5.565      0.05867
        5.58      0.03942
       5.587      0.03942
       5.603    0.0009027
        5.61     -0.01835
       5.618     -0.01835
       5.633     -0.01835
        5.64    0.0009027
       5.655    0.0009027
       5.663    0.0009027
       5.678    0.0009027
       5.693     -0.01835
       5.701     -0.01835
       5.716    0.0009027
       5.723    0.0009027
       5.739      0.02016
       5.746      0.03942
       5.761      0.03942
       5.769      0.03942
       5.784      0.03942
       5.791      0.02016
       5.807    0.0009027
       5.814    0.0009027
       5.829    0.0009027
       5.837     -0.01835
       5.844     -0.03761
       5.859     -0.07612
       5.867     -0.09538
       5.882     -0.07612
       5.897     -0.03761
       5.905     -0.01835
        5.92      0.03942
       5.927      0.03942
       5.943      0.03942
        5.95      0.03942
       5.965      0.03942
       5.973      0.03942
       5.988      0.05867
       6.003      0.05867
       6.011      0.05867
       6.026      0.05867
       6.033      0.05867
       6.048      0.03942
       6.056      0.03942
       6.071      0.05867
       6.086      0.07793
       6.094      0.07793
       6.101      0.07793
       6.116      0.02016
       6.124    0.0009027
       6.139     -0.01835
       6.147    0.0009027
       6.162    0.0009027
       6.177    0.0009027
       6.192    0.0009027
       6.199    0.0009027
       6.215     -0.01835
       6.222     -0.01835
        6.23    0.0009027
       6.245    0.0009027
       6.267    0.0009027
       6.275    0.0009027
        6.29     -0.03761
       6.298     -0.03761
       6.313     -0.03761
        6.32     -0.01835
       6.335      0.02016
       6.343      0.03942
       6.351      0.05867
       6.366      0.05867
       6.373      0.05867
       6.381      0.07793
       6.396      0.09719
       6.403      0.09719
       6.419      0.07793
       6.441    0.0009027
       6.449     -0.03761
       6.456     -0.03761
       6.471     -0.07612
       6.479     -0.09538
       6.494     -0.07612
       6.509     -0.01835
       6.517    0.0009027
       6.524      0.05867
       6.539      0.07793
       6.547      0.09719
       6.562      0.09719
        6.57      0.09719
       6.585      0.05867
       6.592      0.05867
       6.607    0.0009027
       6.615     -0.01835
       6.638     -0.03761
       6.653     -0.01835
        6.66     -0.01835
       6.675     -0.01835
        6.69     -0.05687
       6.698     -0.05687
       6.706     -0.03761
       6.721     -0.01835
       6.728    0.0009027
       6.743    0.0009027
       6.751    0.0009027
       6.774     -0.01835
       6.781     -0.01835
       6.789    0.0009027
       6.804     -0.01835
       6.811    0.0009027
       6.826      0.02016
       6.842      0.05867
       6.857      0.09719
       6.864       0.1164
       6.872        0.155
       6.879       0.1742
       6.894       0.1935
       6.902       0.1742
        6.91       0.1357
       6.917      0.07793
       6.925      0.05867
       6.932    0.0009027
        6.94     -0.01835
       6.955     -0.05687
        6.97     -0.09538
       6.978     -0.09538
       6.985     -0.07612
           7     -0.07612
       7.008     -0.05687
       7.023     -0.05687
        7.03     -0.05687
       7.046     -0.05687
       7.053     -0.05687
       7.061     -0.03761
       7.076    0.0009027
       7.083    0.0009027
       7.091      0.05867
       7.106      0.09719
       7.114       0.1357
       7.129        0.155
       7.136        0.155
       7.144       0.1164
       7.151      0.07793
       7.159      0.05867
       7.166    0.0009027
       7.174     -0.01835
       7.182     -0.05687
       7.189      -0.1146
       7.197      -0.1532
       7.212      -0.1532
       7.219      -0.1339
       7.227     -0.07612
       7.242    0.0009027
        7.25      0.05867
       7.257      0.07793
       7.272      0.07793
        7.28      0.07793
       7.295      0.05867
       7.302      0.03942
        7.31      0.02016
       7.325     -0.01835
       7.333     -0.03761
       7.348     -0.03761
       7.355     -0.03761
       7.363    0.0009027
       7.378      0.05867
       7.386      0.07793
       7.401      0.09719
       7.408      0.09719
       7.416      0.09719
       7.438      0.03942
       7.446    0.0009027
       7.461     -0.01835
       7.469    0.0009027
       7.484    0.0009027
       7.491    0.0009027
       7.506    0.0009027
       7.514      0.03942
       7.529      0.05867
       7.544      0.05867
       7.552      0.05867
       7.567      0.07793
       7.574      0.05867
        7.59      0.03942
       7.597    0.0009027
       7.605     -0.01835
       7.612     -0.05687
        7.62     -0.09538
       7.635     -0.09538
       7.642     -0.07612
       7.658     -0.03761
       7.665     -0.01835
        7.68      0.02016
       7.688      0.03942
       7.703      0.05867
        7.71      0.07793
       7.726      0.05867
       7.741    0.0009027
       7.748    0.0009027
       7.763    0.0009027
       7.771    0.0009027
       7.786    0.0009027
       7.801    0.0009027
       7.809    0.0009027
       7.816      0.05867
       7.839      0.09719
       7.846      0.09719
       7.854      0.07793
       7.869      0.03942
       7.877    0.0009027
       7.884    0.0009027
       7.899    0.0009027
       7.907    0.0009027
       7.922    0.0009027
        7.93    0.0009027
       7.945    0.0009027
       7.952    0.0009027
       7.967      0.03942
       7.975      0.03942
       7.982      0.05867
       7.998      0.07793
       8.005      0.05867
        8.02      0.05867
       8.035      0.03942
       8.043    0.0009027
       8.058     -0.01835
       8.066     -0.01835
       8.073     -0.01835
       8.088     -0.03761
       8.096     -0.03761
       8.111     -0.03761
       8.118     -0.01835
       8.134     -0.01835
       8.141     -0.01835
       8.156    0.0009027
       8.171      0.03942
       8.179      0.03942
       8.194      0.02016
       8.202    0.0009027
       8.209    0.0009027
       8.224    0.0009027
       8.239    0.0009027
       8.254    0.0009027
        8.27     -0.01835
       8.277     -0.01835
       8.292    0.0009027
         8.3    0.0009027
       8.315    0.0009027
        8.33      0.02016
       8.345      0.02016
       8.353      0.02016
       8.368      0.03942
       8.375      0.05867
        8.39      0.03942
       8.398    0.0009027
       8.405    0.0009027
       8.421     -0.03761
       8.436     -0.03761
       8.451     -0.03761
       8.458     -0.03761
       8.466     -0.01835
       8.481    0.0009027
       8.489    0.0009027
       8.504    0.0009027
       8.511      0.03942
       8.526      0.09719
       8.534       0.1164
       8.549       0.1357
       8.557       0.1164
       8.572      0.07793
       8.579      0.03942
       8.587    0.0009027
       8.594     -0.03761
       8.602     -0.05687
       8.617     -0.05687
       8.625     -0.03761
        8.64    0.0009027
       8.647    0.0009027
       8.662    0.0009027
        8.67    0.0009027
       8.685    0.0009027
       8.693    0.0009027
       8.708     -0.03761
       8.715     -0.03761
       8.723    0.0009027
       8.738      0.03942
       8.745      0.03942
       8.761      0.02016
       8.776     -0.01835
       8.783     -0.03761
       8.798     -0.01835
       8.813    0.0009027
       8.821    0.0009027
       8.836      0.05867
       8.851      0.09719
       8.859       0.1164
       8.874        0.155
       8.881       0.1742
       8.897       0.1742
       8.904       0.1742
       8.912       0.1357
       8.919      0.09719
       8.927      0.02016
       8.934     -0.05687
       8.942      -0.1146
       8.957      -0.2109
       8.965      -0.2302
