     0.01181      -0.2302
     0.01937      -0.2114
     0.03448      -0.1927
     0.04203      -0.1552
     0.05714      -0.1176
      0.0647     -0.09889
     0.07981     -0.06138
     0.08736     -0.04263
      0.1025    -0.005115
        0.11       0.0324
      0.1251      0.06991
      0.1327      0.06991
      0.1402      0.05115
      0.1478      0.01364
      0.1554     -0.02387
      0.1629     -0.04263
       0.178     -0.04263
      0.1856     -0.04263
      0.1931     -0.02387
      0.2082    -0.005115
      0.2158       0.0324
      0.2234      0.05115
      0.2385       0.1074
       0.246       0.1449
      0.2611       0.1637
      0.2687       0.1824
      0.2838       0.1824
      0.2913       0.1637
      0.3065       0.1824
      0.3216       0.2199
      0.3291       0.2387
      0.3442       0.2762
      0.3518       0.2762
      0.3593       0.2762
      0.3745       0.2387
       0.382       0.2012
      0.3896       0.1637
      0.3971       0.1074
      0.4047      0.05115
      0.4122     -0.02387
      0.4198     -0.06138
      0.4273      -0.1176
      0.4349      -0.1552
        0.45      -0.1739
      0.4576      -0.1364
      0.4727     -0.09889
      0.4802     -0.06138
      0.4878     -0.02387
      0.4953       0.0324
      0.5029      0.06991
      0.5104       0.1074
      0.5256       0.1824
      0.5331       0.2012
      0.5482       0.2012
      0.5558       0.1637
      0.5633       0.1074
      0.5709       0.0324
      0.5784     -0.02387
       0.586     -0.08014
      0.5936      -0.1364
      0.6011      -0.1927
      0.6087      -0.2302
      0.6162      -0.2489
      0.6313      -0.2302
      0.6389      -0.2114
       0.654      -0.1739
      0.6615      -0.1739
      0.6691      -0.1552
      0.6842      -0.1364
      0.6918      -0.1176
      0.7069     -0.08014
      0.7144     -0.06138
      0.7295     -0.02387
      0.7371    -0.005115
      0.7522       0.0324
      0.7598       0.0324
      0.7749       0.0324
      0.7824       0.0324
        0.79       0.0324
      0.8051    -0.005115
      0.8126     -0.02387
      0.8278     -0.02387
      0.8353      0.01364
      0.8429      0.05115
      0.8504      0.06991
      0.8655      0.06991
      0.8731      0.06991
      0.8882      0.01364
      0.8958    -0.005115
      0.9109     -0.02387
       0.926     -0.04263
      0.9335     -0.02387
      0.9486    -0.005115
      0.9562      0.01364
      0.9713       0.0324
      0.9864      0.06991
       0.994       0.1074
       1.002       0.1449
       1.017       0.1449
       1.024       0.1262
       1.039      0.08866
       1.047      0.06991
       1.062      0.06991
        1.07      0.06991
       1.085      0.05115
       1.092       0.0324
       1.107    -0.005115
       1.115    -0.005115
        1.13    -0.005115
       1.138      0.01364
       1.153      0.06991
        1.16      0.08866
       1.175       0.1074
       1.183       0.1074
        1.19       0.1074
       1.206      0.08866
       1.213      0.08866
       1.228      0.06991
       1.236      0.06991
       1.251       0.0324
       1.258    -0.005115
       1.266     -0.04263
       1.274     -0.06138
       1.289     -0.09889
       1.296      -0.1176
       1.311     -0.09889
       1.319     -0.06138
       1.326     -0.02387
       1.334      0.01364
       1.349      0.06991
       1.357      0.08866
       1.372       0.1262
       1.379       0.1449
       1.394       0.1637
       1.402       0.1449
       1.409       0.1262
       1.425      0.06991
       1.432       0.0324
        1.44     -0.02387
       1.447     -0.08014
       1.455      -0.1364
       1.462      -0.1552
       1.477      -0.1739
       1.485      -0.1927
       1.508      -0.2114
       1.523      -0.1739
        1.53      -0.1364
       1.538     -0.09889
       1.545     -0.06138
       1.553     -0.02387
       1.568       0.0324
       1.576       0.0324
       1.591      0.01364
       1.598    -0.005115
       1.613     -0.04263
       1.621     -0.08014
       1.636      -0.1176
       1.644      -0.1552
       1.651      -0.1552
       1.666      -0.1176
       1.674     -0.08014
       1.681     -0.02387
       1.689      0.01364
       1.697      0.05115
       1.704       0.1074
       1.712       0.1449
       1.719       0.1824
       1.727       0.2199
       1.734       0.2575
       1.749       0.2575
       1.757       0.2387
       1.765       0.2012
        1.78       0.1637
       1.787       0.1637
       1.795       0.1824
        1.81       0.1449
       1.817      0.08866
       1.825       0.0324
       1.833     -0.02387
        1.84     -0.08014
       1.855      -0.1176
       1.863      -0.1176
       1.878      -0.1176
       1.885      -0.1176
       1.901     -0.09889
       1.908     -0.06138
       1.923     -0.02387
       1.931    -0.005115
       1.946      0.05115
       1.953      0.06991
       1.961       0.1074
       1.969       0.1449
       1.976       0.1824
       1.984       0.2199
       1.999       0.2199
       2.006       0.2012
       2.021       0.1637
       2.029       0.1449
       2.044       0.1074
       2.044      0.06991
       2.052      0.06991
       2.067       0.0324
       2.074      0.01364
       2.097      0.01364
       2.105      0.01364
       2.112       0.0324
       2.127      0.01364
       2.135     -0.02387
       2.142     -0.08014
        2.15      -0.1364
       2.165      -0.1176
       2.173     -0.06138
        2.18     -0.02387
       2.188      0.01364
       2.203      0.01364
        2.21      0.01364
       2.225    -0.005115
       2.233    -0.005115
       2.241    -0.005115
       2.256     -0.02387
       2.263     -0.02387
       2.278    -0.005115
       2.286    -0.005115
       2.301     -0.02387
       2.309     -0.02387
       2.316    -0.005115
       2.331    -0.005115
       2.339     -0.04263
       2.346     -0.09889
       2.354      -0.1364
       2.369      -0.1739
       2.377      -0.1739
       2.392      -0.1552
       2.399      -0.1552
       2.407      -0.1552
       2.422      -0.1552
       2.429      -0.1364
       2.445     -0.09889
       2.452     -0.08014
       2.467     -0.04263
       2.482       0.0324
        2.49      0.06991
       2.505       0.1074
       2.513       0.1262
       2.528       0.1262
       2.535       0.1074
       2.543      0.06991
        2.55       0.0324
       2.558      0.01364
       2.573       0.0324
       2.581      0.05115
       2.596      0.06991
       2.603      0.06991
       2.611       0.1074
       2.626       0.1449
       2.633       0.1637
       2.649       0.1637
       2.656       0.1449
       2.671       0.1262
       2.679       0.1074
       2.686      0.06991
       2.701       0.0324
       2.709    -0.005115
       2.724     -0.04263
       2.732     -0.04263
       2.747     -0.02387
       2.762     -0.04263
       2.769     -0.04263
       2.785    -0.005115
       2.792      0.01364
         2.8       0.0324
       2.815      0.05115
       2.822      0.06991
       2.837       0.1074
       2.845       0.1074
       2.853       0.1262
       2.868       0.1262
       2.875       0.1262
       2.883       0.1262
       2.898      0.08866
       2.905      0.08866
       2.921       0.0324
       2.928    -0.005115
       2.936     -0.04263
       2.943     -0.09889
       2.951      -0.1364
       2.958      -0.1927
       2.966      -0.2489
       2.981      -0.2677
       2.989      -0.2489
       3.004      -0.1927
       3.011      -0.1927
       3.026      -0.1552
       3.041      -0.1176
       3.049     -0.09889
       3.057     -0.06138
       3.064     -0.02387
       3.072      0.01364
       3.079      0.05115
       3.087       0.1074
       3.094       0.1262
       3.102       0.1449
       3.117       0.1637
       3.124       0.1637
        3.14       0.1449
       3.147       0.1074
       3.162      0.05115
        3.17       0.0324
       3.185      0.01364
       3.192       0.0324
       3.208       0.0324
       3.223    -0.005115
        3.23    -0.005115
       3.245    -0.005115
       3.253    -0.005115
       3.268       0.0324
       3.276      0.05115
       3.291      0.06991
       3.298      0.06991
       3.306      0.06991
       3.321       0.0324
       3.328      0.01364
       3.344     -0.04263
       3.351     -0.06138
       3.366     -0.09889
       3.374     -0.09889
       3.381     -0.06138
       3.389     -0.04263
       3.404       0.0324
       3.412       0.0324
       3.427       0.0324
       3.442      0.01364
       3.449      0.01364
       3.464      0.05115
        3.48      0.08866
       3.487       0.1074
       3.502       0.1074
        3.51       0.1074
       3.525       0.1262
       3.532       0.1637
        3.54       0.1824
       3.555       0.2199
       3.563       0.2012
        3.57       0.1637
       3.578       0.1074
       3.585      0.06991
       3.593      0.01364
         3.6     -0.04263
       3.608     -0.08014
       3.616      -0.1364
       3.623      -0.1927
       3.638      -0.2302
       3.646      -0.2114
       3.661      -0.1739
       3.676      -0.1176
       3.684     -0.09889
       3.691     -0.06138
       3.706     -0.02387
       3.714      0.01364
       3.721      0.05115
       3.729      0.08866
       3.736       0.1074
       3.752       0.1074
       3.759       0.1074
       3.767       0.1262
       3.782       0.1449
       3.789       0.1449
       3.797       0.1074
       3.804       0.0324
       3.812     -0.04263
        3.82     -0.09889
       3.827      -0.1552
       3.835      -0.2114
        3.85      -0.2489
       3.857      -0.2489
       3.865      -0.2114
        3.88      -0.1552
       3.888      -0.1364
       3.895     -0.09889
       3.903     -0.06138
        3.91    -0.005115
       3.918      0.05115
       3.925      0.08866
       3.933       0.1262
        3.94       0.1449
       3.956       0.1262
       3.963       0.1074
       3.978      0.06991
       3.986      0.05115
       3.993     -0.02387
       4.001     -0.06138
       4.008     -0.08014
       4.024     -0.08014
       4.031     -0.06138
       4.046     -0.02387
       4.054    -0.005115
       4.061      0.01364
       4.076       0.0324
       4.084      0.06991
       4.099       0.1074
       4.114       0.1637
       4.122       0.1824
       4.137       0.1449
       4.144       0.1074
       4.152      0.06991
        4.16       0.0324
       4.167    -0.005115
       4.175     -0.04263
        4.19     -0.09889
       4.197     -0.08014
       4.212     -0.04263
       4.228      0.01364
       4.235       0.0324
        4.25      0.05115
       4.265      0.05115
       4.273      0.06991
       4.288      0.06991
       4.303      0.05115
       4.318    -0.005115
       4.333     -0.06138
       4.341     -0.08014
       4.348      -0.1176
       4.356      -0.1364
       4.371      -0.1364
       4.379      -0.1176
       4.386     -0.06138
       4.394     -0.02387
       4.401      0.01364
       4.409      0.05115
       4.424      0.08866
       4.432       0.1074
       4.439       0.1262
       4.447       0.1449
       4.462       0.2199
       4.469       0.2387
       4.484       0.2387
       4.492       0.2012
         4.5       0.1637
       4.507       0.1074
       4.515      0.05115
       4.522     -0.02387
        4.53     -0.06138
       4.537      -0.1176
       4.545      -0.1552
       4.552      -0.1927
        4.56      -0.2302
       4.568      -0.2677
       4.575      -0.2864
        4.59      -0.2677
       4.598      -0.2302
       4.605      -0.2114
       4.613      -0.1739
        4.62      -0.1364
       4.628     -0.09889
       4.636     -0.06138
       4.643    -0.005115
       4.651      0.05115
       4.658       0.1074
       4.673       0.1262
       4.681       0.1074
       4.704      0.06991
       4.711      0.06991
       4.719      0.08866
       4.734      0.06991
       4.741      0.05115
       4.756      0.05115
       4.772      0.06991
       4.779      0.06991
       4.794       0.0324
       4.802      0.01364
       4.817      0.01364
       4.824       0.0324
       4.839      0.06991
       4.847      0.06991
       4.855      0.05115
        4.87    -0.005115
       4.877     -0.02387
       4.892     -0.06138
         4.9     -0.06138
       4.907     -0.06138
       4.923     -0.08014
        4.93     -0.06138
       4.938     -0.04263
       4.953      0.01364
        4.96       0.0324
       4.975      0.05115
       4.983      0.05115
       4.991      0.05115
       5.006      0.01364
       5.013    -0.005115
       5.028     -0.02387
       5.036     -0.02387
       5.043    -0.005115
       5.059       0.0324
       5.066      0.05115
       5.081      0.08866
       5.089       0.1074
       5.104       0.1262
       5.111       0.1262
       5.127       0.1074
       5.134      0.08866
       5.149      0.05115
       5.157       0.0324
       5.172    -0.005115
       5.179    -0.005115
       5.195     -0.06138
       5.202     -0.08014
        5.21     -0.08014
       5.225     -0.08014
       5.232     -0.06138
       5.247     -0.04263
       5.255     -0.04263
       5.263     -0.04263
       5.278     -0.06138
       5.285     -0.06138
         5.3    -0.005115
       5.308      0.05115
       5.315      0.06991
       5.331       0.1449
       5.338       0.1637
       5.353       0.1824
       5.361       0.1637
       5.368       0.1262
       5.376      0.08866
       5.383      0.05115
       5.391      0.01364
       5.399     -0.02387
       5.406     -0.08014
       5.414      -0.1176
       5.429      -0.1552
       5.436      -0.1739
       5.444      -0.1552
       5.459     -0.09889
       5.467     -0.08014
       5.474     -0.02387
       5.482    -0.005115
       5.489       0.0324
       5.497      0.06991
       5.504       0.1074
       5.512       0.1262
       5.527       0.1824
       5.535       0.1824
        5.55       0.1637
       5.557       0.1262
       5.565      0.08866
       5.572       0.0324
        5.58     -0.04263
       5.587     -0.09889
       5.595      -0.1552
       5.603      -0.2114
        5.61      -0.2302
       5.625      -0.2114
       5.633      -0.1927
        5.64      -0.1552
       5.648      -0.1364
       5.655     -0.09889
       5.663     -0.06138
       5.678     -0.02387
       5.686     -0.02387
       5.701    -0.005115
       5.708      0.01364
       5.716      0.05115
       5.723      0.06991
       5.731       0.1074
       5.739       0.1637
       5.746       0.2012
       5.754       0.2012
       5.761       0.2012
       5.776       0.1449
       5.784      0.08866
       5.791      0.05115
       5.799     -0.02387
       5.807     -0.06138
       5.822      -0.1176
       5.829     -0.09889
       5.837     -0.08014
       5.852     -0.02387
       5.859    -0.005115
       5.875    -0.005115
       5.882    -0.005115
       5.897      0.01364
       5.912       0.0324
        5.92      0.05115
       5.935      0.08866
       5.943       0.1074
        5.95       0.1262
       5.965       0.1824
       5.973       0.1637
        5.98       0.1449
       5.988       0.1074
       5.995      0.05115
       6.003      0.01364
       6.011     -0.02387
       6.018     -0.08014
       6.026     -0.09889
       6.041      -0.1364
       6.048      -0.1176
       6.063     -0.09889
       6.071     -0.09889
       6.079     -0.08014
       6.094     -0.04263
       6.101       0.0324
       6.109      0.06991
       6.116       0.1262
       6.131       0.1262
       6.139      0.06991
       6.147       0.0324
       6.154    -0.005115
       6.169     -0.04263
       6.177     -0.02387
       6.192     -0.02387
       6.199     -0.02387
       6.215     -0.02387
       6.222     -0.02387
       6.237     -0.04263
       6.245     -0.04263
        6.26     -0.02387
       6.267    -0.005115
       6.283      0.01364
        6.29      0.01364
       6.305    -0.005115
       6.313      0.01364
       6.328      0.01364
       6.335       0.0324
       6.351       0.0324
       6.358       0.0324
       6.366    -0.005115
       6.373     -0.04263
       6.388     -0.08014
       6.396     -0.06138
       6.411     -0.02387
       6.419    -0.005115
       6.434       0.0324
       6.441       0.0324
       6.456       0.0324
       6.464       0.0324
       6.479    -0.005115
       6.487     -0.02387
       6.494     -0.02387
       6.509     -0.02387
       6.517    -0.005115
       6.524       0.0324
       6.539      0.06991
       6.547      0.06991
       6.555      0.06991
        6.57       0.0324
       6.577      0.01364
       6.592      0.01364
         6.6      0.01364
       6.607       0.0324
       6.622      0.05115
        6.63      0.06991
       6.645      0.06991
        6.66      0.01364
       6.668    -0.005115
       6.683    -0.005115
        6.69    -0.005115
       6.706       0.0324
       6.721      0.06991
       6.728      0.06991
       6.743      0.06991
       6.758       0.0324
       6.766      0.01364
       6.781     -0.04263
       6.796     -0.08014
       6.804     -0.09889
       6.819     -0.09889
       6.834     -0.09889
       6.842     -0.08014
       6.857     -0.04263
       6.864     -0.02387
       6.887      0.01364
       6.894       0.0324
        6.91      0.06991
       6.917      0.06991
        6.94       0.1074
       6.955       0.1449
       6.962       0.1637
        6.97       0.2012
       6.978       0.2012
       6.985       0.2012
       6.993       0.1449
           7       0.1074
       7.008      0.05115
       7.015    -0.005115
       7.023     -0.04263
        7.03     -0.08014
       7.046      -0.1176
       7.053     -0.09889
       7.068     -0.06138
       7.076     -0.04263
       7.091     -0.02387
       7.098     -0.02387
       7.114     -0.06138
       7.121     -0.08014
       7.136      -0.1176
       7.144      -0.1176
       7.151     -0.09889
       7.166     -0.04263
       7.174     -0.04263
       7.189    -0.005115
       7.204       0.0324
       7.212      0.05115
       7.227      0.06991
       7.242      0.05115
        7.25      0.05115
       7.265      0.05115
        7.28      0.01364
       7.287    -0.005115
       7.295    -0.005115
        7.31      0.01364
       7.318      0.05115
       7.333      0.08866
        7.34      0.08866
       7.348       0.1074
       7.363      0.08866
        7.37      0.05115
       7.378      0.01364
       7.386     -0.04263
       7.393     -0.08014
       7.408      -0.1176
       7.416      -0.1176
       7.431     -0.09889
       7.438     -0.06138
       7.446     -0.04263
       7.454    -0.005115
       7.461       0.0324
       7.469      0.06991
       7.476      0.06991
       7.491      0.06991
       7.506      0.01364
       7.514    -0.005115
       7.522      0.01364
       7.537       0.0324
       7.544      0.01364
       7.552      0.01364
       7.567     -0.02387
       7.574     -0.02387
        7.59      0.01364
       7.597       0.0324
       7.605      0.06991
       7.612      0.08866
       7.627       0.1074
       7.635       0.1074
       7.642      0.06991
        7.65       0.0324
       7.658      0.01364
       7.673      0.01364
        7.68       0.0324
       7.695      0.05115
       7.703      0.05115
       7.718      0.01364
       7.726     -0.04263
       7.733     -0.08014
       7.741      -0.1176
       7.756      -0.1552
       7.763      -0.1739
       7.778      -0.1176
       7.794     -0.09889
       7.801     -0.09889
       7.809     -0.08014
       7.824     -0.02387
       7.831      0.01364
       7.839      0.06991
       7.846       0.1074
       7.854       0.1262
       7.869       0.1262
       7.877      0.08866
       7.892      0.05115
       7.899      0.01364
       7.914     -0.02387
       7.922     -0.04263
       7.937     -0.04263
       7.945     -0.04263
        7.96     -0.04263
       7.967     -0.02387
       7.982      0.01364
        7.99       0.0324
       7.998      0.08866
       8.005       0.1262
       8.013       0.1449
       8.028       0.1262
       8.043      0.08866
        8.05      0.06991
       8.066       0.0324
       8.073      0.01364
       8.088       0.0324
       8.096      0.05115
       8.111      0.05115
       8.118      0.05115
       8.134       0.0324
       8.141       0.0324
       8.156      0.06991
       8.171       0.0324
       8.179      0.01364
       8.186     -0.02387
       8.202     -0.08014
       8.209     -0.09889
       8.217      -0.1364
       8.224      -0.1739
       8.232      -0.2114
       8.239      -0.2302
       8.254      -0.2677
       8.262      -0.2677
        8.27      -0.2489
       8.277      -0.2302
       8.285      -0.1927
       8.292      -0.1552
         8.3      -0.1176
       8.307     -0.08014
       8.315     -0.02387
       8.322    -0.005115
        8.33       0.0324
       8.337      0.05115
       8.345      0.08866
       8.353       0.1262
        8.36       0.1637
       8.368       0.2012
       8.383       0.2387
        8.39       0.2199
       8.398       0.1824
       8.405       0.1262
       8.413      0.06991
       8.421    -0.005115
       8.428     -0.06138
       8.436     -0.09889
       8.451      -0.1176
       8.458     -0.09889
       8.466     -0.06138
       8.473     -0.02387
       8.481      0.01364
       8.489      0.06991
       8.496       0.1074
       8.511       0.1637
       8.519       0.1824
       8.526       0.2387
       8.534        0.295
       8.541       0.3325
       8.549         0.37
       8.557         0.37
       8.564       0.3512
       8.572       0.3137
       8.579       0.2575
       8.587       0.2012
       8.594       0.1449
       8.609       0.1074
       8.617       0.1074
       8.632       0.1074
       8.647      0.08866
       8.655      0.08866
        8.67       0.1262
       8.677       0.1449
       8.685       0.2012
       8.693       0.2575
         8.7        0.295
       8.708       0.3325
       8.723         0.37
        8.73         0.37
       8.745       0.3137
       8.753       0.2762
       8.761       0.2199
       8.768       0.1637
       8.776       0.1074
       8.783      0.08866
       8.791      0.05115
       8.798       0.0324
       8.813    -0.005115
       8.821    -0.005115
       8.836      0.01364
       8.844       0.0324
       8.851      0.06991
       8.866       0.1074
       8.874       0.1262
       8.889       0.1262
       8.897      0.06991
       8.904       0.0324
       8.912     -0.02387
       8.919     -0.04263
       8.934     -0.02387
       8.942    -0.005115
       8.957       0.0324
       8.965    -0.005115
