     0.01181    -0.005115
     0.01937     -0.02558
     0.03449     -0.05627
     0.04205      -0.0665
     0.05716      -0.0665
     0.07228     -0.04604
     0.07984     -0.03581
      0.1025    -0.005115
      0.1101      0.01535
      0.1176      0.03581
      0.1252       0.0665
      0.1327      0.08696
      0.1479       0.1074
      0.1554      0.09719
       0.163      0.07673
      0.1705      0.05627
      0.1781      0.03581
      0.1932    -0.005115
      0.2008     -0.01535
      0.2159     -0.04604
      0.2235     -0.07673
       0.231     -0.09719
      0.2386      -0.1176
      0.2537      -0.1074
      0.2612      -0.0665
      0.2688     -0.02558
      0.2764      0.03581
      0.2764    -0.005115
      0.2839       0.0665
      0.2915      0.09719
       0.299       0.1074
      0.3066       0.1176
      0.3142      0.09719
      0.3217      0.07673
      0.3293       0.0665
      0.3444      0.04604
       0.352      0.02558
      0.3595     0.005115
      0.3671     -0.01535
      0.3746     -0.04604
      0.3822     -0.05627
      0.3973     -0.07673
      0.4049      -0.0665
      0.4124     -0.05627
        0.42     -0.02558
      0.4275      0.01535
      0.4275    -0.005115
      0.4351      0.02558
      0.4502      0.05627
      0.4578      0.05627
      0.4729      0.05627
      0.4804      0.03581
      0.4956      0.01535
      0.4956    -0.005115
      0.5031     -0.01535
      0.5182     -0.03581
      0.5258     -0.02558
      0.5409    -0.005115
      0.5485    -0.005115
       0.556    -0.005115
      0.5712     -0.01535
      0.5787    -0.005115
      0.5863     0.005115
      0.6014      0.02558
      0.6089      0.02558
      0.6241      0.01535
      0.6316     0.005115
      0.6467     -0.01535
      0.6543     -0.03581
      0.6619     -0.05627
       0.677     -0.07673
      0.6845     -0.08696
      0.6996     -0.08696
      0.7072      -0.0665
      0.7223     -0.03581
      0.7299     -0.01535
      0.7374     0.005115
       0.745      0.02558
      0.7601      0.04604
      0.7677      0.04604
      0.7828      0.02558
      0.7904      0.01535
      0.8055      0.01535
      0.8206     0.005115
      0.8357     -0.01535
      0.8433     -0.01535
      0.8584     -0.02558
      0.8659     -0.01535
      0.8811    -0.005115
      0.8886      0.01535
      0.8962      0.03581
      0.9037      0.05627
      0.9113      0.05627
      0.9188      0.05627
      0.9264      0.03581
       0.934    -0.005115
      0.9415     -0.01535
      0.9491     -0.03581
      0.9566     -0.04604
      0.9718      -0.0665
      0.9793      -0.0665
      0.9944     -0.05627
        1.01     -0.03581
       1.017     -0.01535
       1.025      0.03581
       1.032       0.0665
        1.04       0.1074
       1.047       0.1279
       1.062       0.1586
        1.07       0.1586
       1.078       0.1381
       1.085       0.1176
       1.093      0.09719
         1.1       0.0665
       1.108      0.03581
       1.115     -0.01535
       1.123     -0.03581
        1.13      -0.0665
       1.138     -0.07673
       1.153     -0.08696
       1.161     -0.08696
       1.168     -0.07673
       1.183     -0.05627
       1.191     -0.02558
       1.199      0.01535
       1.199    -0.005115
       1.206      0.03581
       1.214      0.05627
       1.221      0.07673
       1.236       0.0665
       1.244      0.04604
       1.251      0.02558
       1.259     0.005115
       1.267     -0.02558
       1.274     -0.03581
       1.289      -0.0665
       1.297      -0.0665
       1.312     -0.05627
       1.327     -0.04604
       1.335     -0.02558
        1.35    -0.005115
       1.365    -0.005115
       1.372    -0.005115
       1.387    -0.005115
       1.395    -0.005115
       1.403      0.01535
        1.41      0.01535
       1.425      0.01535
        1.44    -0.005115
       1.448     -0.01535
       1.463     -0.03581
       1.471     -0.02558
       1.478     -0.01535
       1.486     0.005115
       1.493      0.01535
       1.508    -0.005115
       1.516    -0.005115
       1.531    -0.005115
       1.539     0.005115
       1.576      0.01535
       1.584      0.01535
       1.592      0.02558
       1.607      0.03581
       1.614      0.05627
       1.629      0.08696
       1.637      0.09719
       1.644      0.09719
       1.652      0.07673
        1.66      0.04604
       1.667      0.02558
       1.675    -0.005115
       1.682    -0.005115
       1.697    -0.005115
       1.705    -0.005115
        1.72     -0.01535
       1.735     -0.03581
       1.743     -0.03581
       1.758     -0.01535
       1.765    -0.005115
       1.773      0.02558
       1.781      0.03581
       1.796      0.05627
       1.803      0.05627
       1.811      0.03581
       1.818    -0.005115
       1.826     -0.01535
       1.833     -0.04604
       1.841     -0.05627
       1.856      -0.0665
       1.864      -0.0665
       1.879     -0.05627
       1.894     -0.02558
       1.901     -0.01535
       1.917    -0.005115
       1.924      0.01535
       1.932      0.03581
       1.939      0.05627
       1.947      0.05627
       1.954      0.05627
       1.962      0.03581
        1.97     0.005115
       1.977    -0.005115
       1.985     -0.02558
       1.992     -0.03581
       2.007     -0.04604
       2.015     -0.03581
        2.03     -0.01535
       2.038    -0.005115
       2.045      0.01535
       2.053      0.02558
       2.068      0.05627
       2.075       0.0665
        2.09      0.04604
       2.098      0.03581
       2.113    -0.005115
       2.121     -0.01535
       2.136     -0.03581
       2.143     -0.03581
       2.158     -0.01535
       2.166    -0.005115
       2.181    -0.005115
       2.189    -0.005115
       2.196      0.02558
       2.211      0.05627
       2.219      0.05627
       2.226      0.05627
       2.234      0.03581
       2.242      0.01535
       2.249    -0.005115
       2.257     -0.01535
       2.272     -0.02558
       2.279     -0.02558
       2.295     -0.01535
       2.302    -0.005115
       2.325      0.01535
       2.332      0.01535
       2.347      0.01535
       2.355     0.005115
        2.37     -0.01535
       2.378     -0.01535
       2.393    -0.005115
         2.4    -0.005115
       2.408      0.01535
       2.415      0.01535
       2.438      0.01535
       2.446      0.02558
       2.461      0.04604
       2.468      0.05627
       2.476       0.0665
       2.491      0.04604
       2.499      0.02558
       2.506    -0.005115
       2.514     -0.02558
       2.521     -0.04604
       2.529     -0.05627
       2.544     -0.07673
       2.552     -0.08696
       2.559     -0.07673
       2.574     -0.04604
       2.582     -0.01535
       2.589      0.01535
       2.597      0.03581
       2.604       0.0665
       2.612      0.07673
       2.627      0.07673
       2.635       0.0665
       2.642       0.0665
        2.65      0.04604
       2.657      0.02558
       2.665     0.005115
       2.672     -0.02558
        2.68     -0.03581
       2.695      -0.0665
       2.703     -0.07673
       2.718     -0.09719
       2.725     -0.09719
       2.733     -0.08696
        2.74     -0.07673
       2.748     -0.04604
       2.756     -0.02558
       2.763    -0.005115
       2.793      0.01535
       2.801      0.01535
       2.816    -0.005115
       2.824    -0.005115
       2.839     -0.01535
       2.846    -0.005115
       2.861    -0.005115
       2.869    -0.005115
       2.884      0.01535
       2.892      0.03581
       2.899      0.05627
       2.907       0.0665
       2.922       0.0665
       2.929      0.04604
       2.937      0.02558
       2.945    -0.005115
       2.952     -0.02558
       2.967     -0.05627
       2.975     -0.04604
        2.99     -0.02558
       2.997     0.005115
       3.005      0.02558
        3.02      0.05627
       3.028       0.0665
       3.043       0.1074
        3.05       0.1074
       3.066       0.1074
       3.081      0.07673
       3.088      0.05627
       3.096      0.02558
       3.103     -0.01535
       3.111     -0.02558
       3.118     -0.04604
       3.126     -0.05627
       3.141     -0.07673
       3.149     -0.08696
       3.164     -0.07673
       3.171      -0.0665
       3.179     -0.04604
       3.186     -0.02558
       3.202      0.02558
       3.209      0.03581
       3.217      0.05627
       3.224       0.0665
       3.239      0.07673
       3.247      0.05627
       3.254      0.03581
       3.262     0.005115
        3.27     -0.03581
       3.277      -0.0665
       3.292     -0.09719
       3.307      -0.1074
       3.315     -0.09719
       3.323     -0.08696
        3.33     -0.05627
       3.338     -0.03581
       3.345     -0.01535
       3.353     0.005115
        3.36      0.02558
       3.368      0.03581
       3.383      0.05627
       3.391       0.0665
       3.406      0.05627
       3.413      0.04604
       3.428      0.01535
       3.436    -0.005115
       3.451     -0.02558
       3.459     -0.02558
       3.474    -0.005115
       3.481     0.005115
       3.496      0.01535
       3.504      0.01535
       3.519     0.005115
       3.527    -0.005115
       3.534    -0.005115
       3.549     -0.02558
       3.557     -0.01535
       3.572      0.01535
       3.579      0.02558
       3.595      0.03581
       3.602      0.04604
       3.617       0.0665
       3.625       0.0665
       3.632       0.0665
       3.648      0.05627
       3.655      0.05627
       3.663      0.05627
       3.678      0.02558
       3.685     0.005115
         3.7     -0.01535
       3.708     -0.01535
       3.723    -0.005115
       3.746     0.005115
       3.753      0.01535
       3.761      0.02558
       3.776       0.0665
       3.784      0.07673
       3.799      0.08696
       3.806      0.08696
       3.814      0.08696
       3.829      0.05627
       3.836      0.03581
       3.844      0.02558
       3.852    -0.005115
       3.859     -0.02558
       3.867     -0.05627
       3.874     -0.07673
       3.889      -0.1074
       3.897      -0.1176
       3.905      -0.1074
       3.912     -0.08696
        3.92     -0.07673
       3.927     -0.05627
       3.935     -0.03581
       3.942     -0.01535
        3.95     0.005115
       3.965      0.01535
       3.973      0.01535
        3.98    -0.005115
       3.988     -0.01535
       3.995     -0.04604
       4.003     -0.07673
        4.01      -0.1074
       4.018      -0.1279
       4.033      -0.1483
       4.041      -0.1586
       4.048      -0.1483
       4.063      -0.1483
       4.071      -0.1279
       4.078      -0.1074
       4.086     -0.08696
       4.093     -0.04604
       4.101      0.01535
       4.101     -0.01535
       4.109      0.02558
       4.116      0.05627
       4.131      0.07673
       4.139      0.07673
       4.146      0.07673
       4.154      0.05627
       4.162      0.03581
       4.169      0.02558
       4.184    -0.005115
       4.192    -0.005115
       4.207     -0.02558
       4.214     -0.02558
       4.222     -0.01535
       4.237     0.005115
       4.245      0.03581
       4.252      0.05627
       4.267      0.05627
       4.275      0.05627
        4.29      0.04604
       4.298      0.04604
       4.305      0.05627
        4.32      0.07673
       4.328      0.07673
       4.343      0.07673
       4.358      0.05627
       4.366      0.04604
       4.373      0.05627
       4.388      0.07673
       4.396      0.07673
       4.403       0.0665
       4.411      0.04604
       4.419      0.02558
       4.419    -0.005115
       4.426     -0.01535
       4.434     -0.04604
       4.441     -0.07673
       4.456     -0.08696
       4.464     -0.08696
       4.479     -0.08696
       4.494     -0.08696
       4.509     -0.07673
       4.524     -0.05627
       4.532     -0.03581
       4.539      0.01535
       4.539     -0.01535
       4.547      0.03581
       4.555      0.07673
       4.562      0.09719
       4.577      0.07673
       4.585      0.05627
       4.592      0.03581
       4.607      0.01535
       4.615     0.005115
        4.63    -0.005115
       4.638    -0.005115
       4.653    -0.005115
        4.66    -0.005115
       4.676      0.01535
       4.691      0.04604
       4.706      0.07673
       4.713      0.07673
       4.728      0.05627
       4.736      0.03581
       4.744      0.01535
       4.751    -0.005115
       4.766     -0.02558
       4.774     -0.02558
       4.789     -0.03581
       4.796     -0.04604
       4.804     -0.04604
       4.819     -0.05627
       4.827     -0.04604
       4.834     -0.02558
       4.842    -0.005115
       4.857     0.005115
       4.872     0.005115
       4.887      0.02558
       4.895      0.03581
        4.91      0.04604
       4.925      0.04604
       4.932      0.03581
       4.948      0.02558
       4.963      0.02558
        4.97      0.03581
       4.985      0.04604
       4.993      0.02558
       5.001     0.005115
       5.008     -0.01535
       5.023     -0.03581
       5.031     -0.03581
       5.046     -0.01535
       5.053    -0.005115
       5.069    -0.005115
       5.076    -0.005115
       5.091    -0.005115
       5.099     0.005115
       5.114      0.03581
       5.121      0.04604
       5.137      0.07673
       5.144      0.07673
       5.152      0.04604
       5.159      0.02558
       5.167     -0.01535
       5.174     -0.03581
       5.182     -0.04604
       5.197      -0.0665
       5.205      -0.0665
        5.22     -0.04604
       5.227     -0.03581
       5.242    -0.005115
        5.25     0.005115
       5.265      0.02558
       5.273      0.03581
       5.288       0.0665
       5.295      0.09719
       5.303       0.1176
       5.318       0.1279
       5.326       0.1074
       5.333      0.07673
       5.341      0.04604
       5.348      0.02558
       5.356    -0.005115
       5.363     -0.02558
       5.371     -0.04604
       5.386      -0.0665
       5.394     -0.08696
       5.401     -0.08696
       5.416     -0.09719
       5.424     -0.08696
       5.439      -0.0665
       5.446     -0.05627
       5.462     -0.04604
       5.469     -0.03581
       5.492     -0.05627
       5.499     -0.04604
       5.515     -0.01535
        5.53    -0.005115
       5.537    -0.005115
       5.545     -0.02558
        5.56     -0.04604
       5.567      -0.0665
       5.575     -0.08696
        5.59      -0.1074
       5.598     -0.08696
       5.605     -0.07673
       5.613     -0.04604
        5.62     -0.01535
       5.628      0.02558
       5.628    -0.005115
       5.635      0.04604
       5.643      0.08696
       5.651       0.1074
       5.666       0.1279
       5.673       0.1176
       5.688      0.08696
       5.696      0.05627
       5.711      0.03581
       5.719      0.01535
       5.726    -0.005115
       5.734     -0.01535
       5.749     -0.03581
       5.756     -0.03581
       5.772     -0.01535
       5.779      0.02558
       5.779    -0.005115
       5.787      0.03581
       5.802       0.0665
       5.809      0.07673
       5.824      0.09719
       5.832      0.09719
        5.84      0.07673
       5.847      0.05627
       5.855      0.03581
       5.862     0.005115
        5.87     -0.01535
       5.877     -0.03581
       5.885     -0.05627
       5.892      -0.0665
       5.908     -0.05627
       5.915     -0.04604
       5.923     -0.03581
       5.938    -0.005115
       5.945      0.01535
       5.953      0.02558
       5.968      0.03581
       5.976      0.02558
       5.991     0.005115
       5.998    -0.005115
       6.013    -0.005115
       6.021     -0.01535
       6.029     -0.01535
       6.044     -0.03581
       6.051     -0.03581
       6.059     -0.02558
       6.074    -0.005115
       6.081     0.005115
       6.089      0.02558
       6.104      0.04604
       6.119      0.05627
       6.127      0.03581
       6.142    -0.005115
       6.149     -0.01535
       6.165     -0.03581
       6.172     -0.03581
       6.187     -0.03581
       6.195     -0.03581
        6.21     -0.03581
       6.225     -0.01535
       6.233     0.005115
        6.24      0.02558
       6.248      0.04604
       6.255       0.0665
        6.27      0.07673
       6.278      0.05627
       6.285      0.03581
       6.293      0.02558
       6.301    -0.005115
       6.308     -0.01535
       6.323     -0.03581
       6.331     -0.04604
       6.346     -0.03581
       6.361     -0.02558
       6.369     -0.01535
       6.384      0.01535
       6.391      0.03581
       6.399      0.04604
       6.414      0.07673
       6.422      0.08696
       6.437      0.07673
       6.444       0.0665
       6.452      0.04604
       6.467      0.02558
       6.474    -0.005115
        6.49     -0.03581
       6.497     -0.05627
       6.512      -0.0665
        6.52     -0.04604
       6.535     -0.03581
       6.542     -0.02558
       6.558    -0.005115
       6.565      0.02558
       6.573      0.04604
        6.58       0.0665
       6.595      0.05627
       6.611      0.02558
       6.626     -0.01535
       6.633     -0.03581
       6.641     -0.04604
       6.656     -0.04604
       6.663     -0.04604
       6.686     -0.03581
       6.694     -0.02558
       6.709    -0.005115
       6.716    -0.005115
       6.731    -0.005115
       6.739    -0.005115
       6.754      0.01535
       6.762      0.02558
       6.777      0.01535
       6.784    -0.005115
       6.792     -0.01535
       6.807     -0.03581
       6.815     -0.04604
        6.83     -0.01535
       6.845     0.005115
       6.852     0.005115
        6.86    -0.005115
       6.875     -0.02558
        6.89     -0.03581
       6.898     -0.01535
       6.913      0.02558
        6.92      0.03581
       6.936      0.03581
       6.943      0.03581
       6.951      0.03581
       6.966      0.03581
       6.973      0.05627
       6.988       0.0665
       6.996       0.0665
       7.011      0.05627
       7.019      0.04604
       7.034      0.04604
       7.049      0.04604
       7.056      0.05627
       7.072       0.0665
       7.087      0.05627
       7.094      0.04604
       7.102      0.02558
       7.109    -0.005115
       7.117     -0.02558
       7.125     -0.05627
       7.132     -0.08696
       7.147      -0.1176
       7.155      -0.1074
        7.17     -0.08696
       7.177      -0.0665
       7.185     -0.03581
       7.193     -0.01535
         7.2      0.01535
         7.2    -0.005115
       7.208      0.02558
       7.215      0.03581
        7.23      0.01535
       7.238      0.01535
       7.253    -0.005115
       7.261    -0.005115
       7.276     -0.02558
       7.291     -0.03581
       7.306     -0.03581
       7.321     -0.01535
       7.329    -0.005115
       7.336      0.02558
       7.344      0.03581
       7.359      0.03581
       7.366      0.03581
       7.382      0.01535
       7.389    -0.005115
       7.397     -0.01535
       7.412     -0.04604
       7.419     -0.05627
       7.434     -0.05627
       7.442     -0.03581
        7.45     -0.01535
       7.457      0.01535
       7.457    -0.005115
       7.465      0.02558
       7.472      0.02558
       7.487     -0.01535
       7.502     -0.03581
        7.51     -0.04604
       7.525      -0.0665
       7.533     -0.07673
       7.548     -0.08696
       7.555     -0.07673
       7.563      -0.0665
        7.57     -0.03581
       7.578      0.01535
       7.578     -0.01535
       7.586      0.03581
       7.593      0.07673
       7.601      0.09719
       7.616       0.1074
       7.623       0.1074
       7.631      0.08696
       7.638      0.07673
       7.646      0.05627
       7.654      0.02558
       7.661     0.005115
       7.669     -0.01535
       7.676     -0.04604
       7.684      -0.0665
       7.699     -0.09719
       7.707     -0.09719
       7.714     -0.07673
       7.722     -0.05627
       7.729     -0.02558
       7.737      0.02558
       7.737    -0.005115
       7.744      0.03581
       7.752       0.0665
       7.759      0.07673
       7.775      0.09719
       7.782      0.09719
        7.79      0.08696
       7.797       0.0665
       7.805      0.04604
       7.812      0.02558
        7.82    -0.005115
       7.835     -0.02558
       7.843     -0.03581
       7.858     -0.03581
       7.865     -0.02558
        7.88     -0.01535
       7.888    -0.005115
       7.895      0.02558
       7.903      0.03581
       7.918       0.0665
       7.926      0.05627
       7.933      0.03581
       7.948    -0.005115
       7.956    -0.005115
       7.964     -0.02558
       7.971     -0.03581
       7.979     -0.03581
       7.994     -0.04604
       8.001     -0.04604
       8.016     -0.03581
       8.024     -0.01535
       8.039      0.02558
       8.047      0.03581
       8.062      0.05627
       8.069      0.05627
       8.084      0.05627
         8.1      0.02558
       8.107    -0.005115
       8.115     -0.01535
        8.13     -0.03581
       8.137     -0.04604
       8.152     -0.02558
        8.16     -0.01535
       8.168      0.02558
       8.175      0.04604
        8.19       0.0665
       8.198       0.0665
       8.213       0.0665
       8.228      0.04604
       8.236      0.03581
       8.251      0.01535
       8.258     0.005115
       8.273     -0.01535
       8.289     -0.03581
       8.296     -0.04604
       8.304     -0.03581
       8.311     -0.01535
       8.319      0.03581
       8.326      0.07673
       8.334       0.1074
       8.349       0.1176
       8.357      0.08696
       8.364      0.05627
       8.372      0.02558
       8.379    -0.005115
       8.387     -0.03581
       8.394     -0.05627
       8.402     -0.07673
       8.417     -0.09719
       8.425     -0.08696
        8.44     -0.07673
       8.447      -0.0665
       8.455     -0.05627
       8.462     -0.03581
        8.47    -0.005115
       8.478      0.02558
       8.485      0.04604
         8.5      0.05627
       8.508      0.04604
       8.515      0.02558
       8.523    -0.005115
        8.53     -0.02558
       8.546     -0.04604
       8.553     -0.05627
       8.561     -0.05627
       8.576     -0.05627
       8.583     -0.05627
       8.598     -0.04604
       8.606     -0.03581
       8.614     -0.01535
       8.621      0.02558
       8.629      0.05627
       8.636      0.07673
       8.644       0.1074
       8.659       0.1074
       8.666      0.08696
       8.674       0.0665
       8.682      0.03581
       8.689      0.01535
       8.689    -0.005115
       8.697     -0.02558
       8.712     -0.05627
       8.719     -0.05627
       8.735      -0.0665
       8.742     -0.05627
       8.757     -0.05627
       8.765     -0.05627
        8.78     -0.03581
       8.787     -0.02558
       8.795     -0.01535
        8.81     -0.02558
       8.818     -0.02558
       8.833     -0.02558
        8.84     -0.02558
       8.855     -0.02558
       8.863     -0.01535
       8.893     0.005115
       8.901     0.005115
       8.916    -0.005115
       8.931     -0.01535
       8.939     -0.01535
       8.946     -0.01535
       8.961     -0.03581
       8.969     -0.02558
       8.976     -0.01535
