     0.01181       0.1483
     0.01937       0.1668
     0.03449       0.1668
     0.04205       0.1483
      0.0496      0.09309
     0.05716      0.05627
     0.06472      0.01944
     0.07984     -0.03581
      0.0874     -0.03581
      0.1025     -0.03581
      0.1101     -0.01739
      0.1252     0.001023
      0.1327     0.001023
      0.1479      0.03785
      0.1554      0.05627
      0.1705      0.09309
      0.1781      0.09309
      0.1932      0.09309
      0.2008      0.07468
      0.2159     0.001023
      0.2235     0.001023
      0.2386     -0.01739
      0.2461     0.001023
      0.2612      0.03785
      0.2688      0.05627
      0.2839      0.07468
      0.2915      0.07468
       0.299      0.07468
      0.3142      0.03785
      0.3217      0.03785
      0.3293      0.05627
      0.3444      0.07468
       0.352      0.07468
      0.3671      0.07468
      0.3746      0.07468
      0.3822      0.07468
      0.3973      0.03785
      0.4049     0.001023
        0.42     -0.05422
      0.4275     -0.07263
      0.4427      -0.1095
      0.4502      -0.1095
      0.4653     -0.09105
      0.4729     -0.07263
       0.488     -0.05422
      0.4956     -0.03581
      0.5107     0.001023
      0.5182     0.001023
      0.5334      0.05627
      0.5485      0.09309
       0.556       0.1115
      0.5712       0.1299
      0.5787       0.1483
      0.5863       0.1852
      0.6014        0.222
      0.6089        0.222
      0.6165        0.222
      0.6241       0.1852
      0.6316       0.1483
      0.6392       0.1115
      0.6467      0.05627
      0.6543     -0.01739
      0.6619     -0.05422
      0.6694      -0.1095
       0.677      -0.1279
      0.6921      -0.1831
      0.6996      -0.1831
      0.7148      -0.1831
      0.7223      -0.1647
      0.7374      -0.1279
       0.745      -0.1095
      0.7601     -0.09105
      0.7677     -0.07263
      0.7828     -0.03581
      0.7979     -0.01739
      0.8055     0.001023
      0.8206      0.01944
      0.8281     0.001023
      0.8433     0.001023
      0.8584      0.03785
      0.8659      0.05627
      0.8811      0.09309
      0.8886      0.09309
      0.9037      0.07468
      0.9113      0.05627
      0.9264      0.01944
       0.934     0.001023
      0.9415     0.001023
      0.9566     -0.03581
      0.9642     -0.03581
      0.9718     -0.03581
      0.9869     -0.03581
      0.9944     -0.03581
       1.002     -0.01739
       1.017      0.05627
       1.025      0.07468
        1.04       0.1115
       1.047       0.1115
       1.062      0.09309
        1.07      0.09309
       1.085      0.05627
       1.093      0.03785
       1.108      0.01944
       1.115      0.03785
       1.123      0.05627
       1.138      0.07468
       1.146      0.05627
       1.161      0.05627
       1.168      0.03785
       1.183      0.05627
       1.191      0.07468
       1.206      0.09309
       1.214       0.1115
       1.229       0.1115
       1.236      0.09309
       1.251      0.05627
       1.259      0.05627
       1.274      0.03785
       1.282      0.03785
       1.297      0.03785
       1.304      0.03785
       1.319      0.03785
       1.327     -0.01739
       1.335     -0.07263
       1.342      -0.1463
        1.35      -0.2199
       1.357      -0.2752
       1.365       -0.312
        1.38      -0.3304
       1.387      -0.3304
       1.395       -0.312
       1.403      -0.2752
        1.41      -0.2384
       1.418      -0.1831
       1.425      -0.1463
       1.433     -0.09105
        1.44     -0.05422
       1.448     0.001023
       1.456      0.01944
       1.463      0.05627
       1.471      0.09309
       1.486       0.1299
       1.493       0.1483
       1.501       0.1668
       1.516       0.2036
       1.524        0.222
       1.539       0.2588
       1.554       0.2588
       1.561       0.2772
       1.576       0.2772
       1.584       0.2772
       1.599       0.2772
       1.607       0.2772
       1.614       0.2404
       1.622       0.1852
       1.629       0.1115
       1.637      0.05627
       1.644     -0.01739
       1.652     -0.05422
        1.66      -0.1279
       1.667      -0.2015
       1.675      -0.2568
        1.69      -0.2752
       1.697      -0.2568
       1.705      -0.2199
       1.713      -0.2015
       1.728      -0.1647
       1.735      -0.1279
       1.743      -0.1095
        1.75     -0.07263
       1.758     -0.01739
       1.765      0.01944
       1.773      0.07468
       1.781       0.1115
       1.796       0.1668
       1.803       0.1852
       1.818       0.1852
       1.826       0.1668
       1.841       0.1668
       1.856       0.1483
       1.864       0.1483
       1.871       0.1483
       1.886       0.1115
       1.894      0.09309
       1.901      0.05627
       1.909      0.01944
       1.917     -0.01739
       1.924     -0.05422
       1.932     -0.09105
       1.939      -0.1463
       1.947      -0.2384
       1.954       -0.312
       1.962      -0.3857
        1.97      -0.4409
       1.977      -0.4593
       1.992      -0.4225
           2      -0.4041
       2.007      -0.3488
       2.015      -0.2936
       2.022      -0.2199
        2.03      -0.1647
       2.038     -0.09105
       2.045     -0.03581
       2.053     0.001023
        2.06      0.03785
       2.068      0.07468
       2.083       0.1115
        2.09       0.1299
       2.098       0.1668
       2.106       0.2036
       2.113       0.2404
       2.121       0.2772
       2.136       0.3141
       2.143       0.3141
       2.151       0.3325
       2.166       0.3141
       2.174       0.3141
       2.181       0.3141
       2.189       0.2772
       2.196       0.2404
       2.204       0.2036
       2.211       0.1668
       2.219       0.1299
       2.226      0.09309
       2.234      0.05627
       2.242      0.01944
       2.249     -0.01739
       2.257     -0.07263
       2.264      -0.1095
       2.279      -0.1647
       2.287      -0.1647
       2.295      -0.1463
        2.31      -0.1279
       2.317      -0.1279
       2.325      -0.1279
        2.34      -0.1647
       2.347      -0.1647
       2.363      -0.1463
       2.378      -0.1095
       2.385     -0.07263
         2.4     -0.03581
       2.415      0.03785
       2.423      0.05627
       2.438      0.09309
       2.446       0.1115
       2.461       0.1299
       2.468       0.1115
       2.483      0.07468
       2.491      0.05627
       2.499      0.05627
       2.514      0.01944
       2.521      0.01944
       2.536      0.03785
       2.544      0.03785
       2.559      0.03785
       2.567      0.03785
       2.582      0.07468
       2.589       0.1115
       2.604       0.1483
       2.612       0.1668
       2.627       0.1668
       2.635       0.1852
        2.65       0.1668
       2.657       0.1483
       2.672       0.1115
        2.68       0.1115
       2.695      0.09309
       2.703      0.09309
       2.718      0.09309
       2.725       0.1115
        2.74       0.1115
       2.748      0.09309
       2.763      0.03785
       2.763     0.001023
       2.771     -0.01739
       2.778     -0.09105
       2.786      -0.1831
       2.793      -0.2752
       2.801      -0.3488
       2.809      -0.4225
       2.816      -0.4593
       2.831      -0.4225
       2.839      -0.3673
       2.846       -0.312
       2.854      -0.2568
       2.861      -0.2199
       2.869      -0.1647
       2.877      -0.1279
       2.884      -0.1095
       2.899     -0.07263
       2.907     -0.05422
       2.914     -0.03581
       2.929     -0.03581
       2.937     -0.03581
       2.952     -0.01739
       2.967      0.03785
       2.975      0.05627
       2.982      0.09309
       2.997       0.1299
       3.005       0.1483
        3.02       0.1852
       3.028        0.222
       3.035       0.2588
        3.05       0.3141
       3.058       0.3141
       3.066       0.2772
       3.073        0.222
       3.081       0.1483
       3.088      0.07468
       3.096     -0.01739
       3.103     -0.07263
       3.118      -0.1095
       3.126      -0.1279
       3.134      -0.1279
       3.149      -0.1279
       3.156      -0.1095
       3.171      -0.1279
       3.179      -0.1279
       3.186      -0.1279
       3.202      -0.1279
       3.209      -0.1095
       3.217     -0.09105
       3.232     -0.03581
       3.239      0.03785
       3.239     0.001023
       3.247      0.05627
       3.254      0.09309
       3.262       0.1299
       3.277       0.1852
       3.285       0.2036
         3.3        0.222
       3.307       0.2404
       3.323       0.2772
       3.338       0.2588
       3.345       0.2036
       3.353       0.1115
        3.36      0.01944
       3.368     -0.07263
       3.375      -0.1279
       3.383      -0.1463
       3.398      -0.1463
       3.406      -0.1095
       3.413     -0.07263
       3.421     -0.03581
       3.428     0.001023
       3.436      0.05627
       3.443      0.07468
       3.459      0.09309
       3.466      0.09309
       3.481      0.07468
       3.489      0.07468
       3.504      0.03785
       3.511      0.01944
       3.527     0.001023
       3.534     0.001023
       3.557      0.03785
       3.564      0.03785
       3.579      0.03785
       3.587      0.01944
       3.617      0.03785
       3.625      0.03785
       3.632      0.01944
       3.648     -0.03581
       3.655     -0.07263
       3.663     -0.09105
       3.678      -0.1095
       3.685     -0.09105
         3.7     -0.07263
       3.708     -0.03581
       3.723     0.001023
       3.731      0.05627
       3.746      0.09309
       3.753       0.1115
       3.768       0.1299
       3.784       0.1299
       3.791       0.1483
       3.806       0.1852
       3.821       0.1852
       3.829       0.1852
       3.844       0.1668
       3.852       0.1668
       3.867       0.1483
       3.874       0.1299
       3.889      0.07468
       3.905     0.001023
       3.912     -0.03581
        3.92     -0.07263
       3.927     -0.09105
       3.942      -0.1095
        3.95      -0.1095
       3.965      -0.1095
        3.98      -0.1279
       3.995      -0.1647
        4.01      -0.2199
       4.025      -0.2568
       4.033      -0.2568
       4.041      -0.2384
       4.048      -0.1831
       4.056      -0.1279
       4.063     -0.07263
       4.071     -0.03581
       4.078     -0.01739
       4.086     0.001023
       4.101     -0.01739
       4.109     -0.01739
       4.124     -0.01739
       4.131     0.001023
       4.146      0.01944
       4.154      0.01944
       4.177     0.001023
       4.184     0.001023
       4.199     0.001023
       4.207     0.001023
       4.222     0.001023
        4.23     0.001023
       4.245      0.05627
        4.26       0.1115
       4.267       0.1299
       4.282       0.1668
        4.29       0.1852
       4.305       0.1852
       4.313       0.1852
       4.328       0.1668
       4.335       0.1483
       4.343       0.1115
       4.358      0.07468
       4.366      0.05627
       4.381      0.03785
       4.396     0.001023
       4.403     0.001023
       4.419     -0.03581
       4.426     -0.05422
       4.441     -0.07263
       4.449     -0.07263
       4.464     -0.07263
       4.471     -0.09105
       4.487      -0.1095
       4.494      -0.1095
       4.509      -0.1095
       4.524      -0.1279
       4.532      -0.1463
       4.539      -0.1279
       4.555     -0.09105
       4.562     -0.07263
       4.577     -0.01739
       4.585     0.001023
         4.6      0.03785
       4.607      0.05627
       4.623      0.09309
        4.63      0.09309
       4.645       0.1299
        4.66       0.1483
       4.668       0.1668
       4.683       0.1668
       4.691       0.1483
       4.698       0.1483
       4.713       0.1299
       4.721       0.1115
       4.736       0.1115
       4.744       0.1115
       4.759      0.05627
       4.766     0.001023
       4.774     -0.03581
       4.781     -0.03581
       4.796     -0.05422
       4.804     -0.07263
       4.819     -0.07263
       4.827     -0.05422
       4.842     -0.05422
       4.849     -0.03581
       4.864     -0.01739
       4.872     0.001023
       4.887     0.001023
       4.895     0.001023
        4.91     0.001023
       4.917      0.01944
       4.932      0.05627
       4.948      0.09309
       4.955      0.09309
        4.97      0.07468
       4.978      0.05627
       4.993     0.001023
       5.001     -0.01739
       5.016     -0.03581
       5.023     -0.03581
       5.038     -0.03581
       5.046     -0.05422
       5.053     -0.03581
       5.069     -0.01739
       5.076     -0.01739
       5.091     0.001023
       5.099      0.01944
       5.114      0.01944
       5.137      0.01944
       5.152      0.07468
       5.174      0.09309
       5.182      0.09309
       5.197      0.09309
       5.205      0.09309
        5.22       0.1115
       5.227       0.1115
       5.235      0.07468
       5.242      0.05627
        5.25     0.001023
       5.258     -0.03581
       5.265     -0.07263
       5.273     -0.09105
       5.288      -0.1279
       5.295      -0.1279
        5.31      -0.1279
       5.318      -0.1279
       5.326      -0.1095
       5.341     -0.09105
       5.348     -0.09105
       5.363     -0.03581
       5.378      0.01944
       5.394      0.07468
       5.401      0.09309
       5.416      0.09309
       5.424      0.09309
       5.439      0.09309
       5.446      0.09309
       5.462      0.09309
       5.477      0.07468
       5.484      0.07468
       5.492      0.07468
       5.507      0.05627
       5.515      0.03785
        5.53      0.01944
       5.537     0.001023
       5.552     0.001023
        5.56     0.001023
       5.575     0.001023
       5.583     0.001023
       5.598     -0.01739
       5.605     -0.01739
       5.613     0.001023
       5.635     0.001023
       5.643     0.001023
       5.651     0.001023
       5.666     -0.03581
       5.673     -0.03581
       5.688     -0.03581
       5.696     -0.01739
       5.711     -0.01739
       5.719     -0.01739
       5.726     -0.01739
       5.741     0.001023
       5.749     0.001023
       5.764      0.03785
       5.779      0.05627
       5.794     -0.01739
       5.802     -0.09105
       5.809      -0.1463
       5.817      -0.1647
       5.832      -0.1831
        5.84      -0.1647
       5.847      -0.1279
       5.855     -0.07263
       5.862     -0.01739
        5.87      0.01944
       5.877      0.05627
       5.885      0.09309
         5.9       0.1115
       5.908       0.1115
       5.923       0.1483
        5.93       0.1668
       5.945       0.2036
       5.953       0.2036
       5.968       0.1852
       5.976       0.1852
       5.983       0.1852
       5.998       0.1668
       6.006       0.1483
       6.021       0.1299
       6.036       0.1115
       6.044      0.09309
       6.051      0.05627
       6.059     0.001023
       6.066     -0.03581
       6.074     -0.07263
       6.081      -0.1095
       6.097      -0.1463
       6.104      -0.1647
       6.112      -0.1647
       6.127      -0.1463
       6.134      -0.1279
       6.149      -0.1279
       6.157      -0.1279
       6.172      -0.1647
        6.18      -0.1463
       6.195      -0.1095
       6.202     -0.07263
       6.217     -0.05422
       6.225     -0.05422
       6.233     -0.03581
        6.24     0.001023
       6.248     0.001023
       6.255      0.03785
       6.263      0.03785
       6.278      0.03785
       6.285      0.03785
       6.301     0.001023
       6.308     0.001023
       6.323     -0.01739
       6.331     -0.01739
       6.346     -0.01739
       6.354     -0.01739
       6.376     0.001023
       6.384      0.01944
       6.399      0.05627
       6.414      0.07468
       6.422      0.07468
       6.429      0.09309
       6.444      0.07468
       6.452      0.05627
       6.459      0.05627
       6.474      0.03785
       6.482      0.03785
       6.497      0.05627
       6.505      0.07468
        6.52       0.1115
       6.527       0.1483
       6.535       0.1668
       6.542        0.222
        6.55       0.2588
       6.558       0.2957
       6.573       0.3325
       6.588       0.2588
       6.595        0.222
       6.603       0.1668
       6.611       0.1115
       6.618      0.05627
       6.626     -0.01739
       6.633     -0.05422
       6.641      -0.1095
       6.648      -0.1647
       6.663      -0.2015
       6.671      -0.2015
       6.686      -0.1831
       6.694      -0.1647
       6.709      -0.1463
       6.716      -0.1463
       6.724      -0.1463
       6.739      -0.1647
       6.747      -0.1647
       6.762      -0.1463
       6.769      -0.1463
       6.777      -0.1095
       6.784     -0.07263
       6.792     -0.03581
       6.807     0.001023
       6.815      0.01944
        6.83      0.03785
       6.837      0.05627
       6.852      0.05627
        6.86      0.07468
       6.875       0.1299
        6.89       0.1483
       6.898       0.1668
       6.905       0.1668
       6.913       0.1299
       6.928      0.09309
       6.936      0.07468
       6.951      0.05627
       6.958      0.03785
       6.973      0.03785
       6.981     0.001023
       6.988     0.001023
       7.004     -0.03581
       7.011     -0.03581
       7.019     -0.03581
       7.034     -0.07263
       7.041     -0.07263
       7.049     -0.05422
       7.064     -0.01739
       7.072      0.01944
       7.079      0.05627
       7.094      0.09309
       7.102       0.1115
       7.117       0.1483
       7.125       0.1483
       7.132       0.1483
        7.14       0.1115
       7.155      0.05627
       7.162      0.03785
       7.177     0.001023
       7.185     0.001023
       7.193     0.001023
       7.208     -0.05422
       7.215     -0.05422
        7.23     -0.03581
       7.238     -0.01739
       7.245     0.001023
       7.261     0.001023
       7.276      0.03785
       7.291      0.05627
       7.306      0.05627
       7.313      0.03785
       7.321     0.001023
       7.336     -0.03581
       7.344     -0.05422
       7.351     -0.05422
       7.366     -0.09105
       7.374     -0.09105
       7.389      -0.1279
       7.397      -0.1279
       7.412      -0.1095
       7.419     -0.07263
       7.427     -0.05422
       7.434     -0.01739
       7.442      0.01944
       7.457      0.07468
       7.465      0.07468
        7.48      0.09309
       7.487      0.09309
       7.502      0.09309
        7.51      0.07468
       7.518      0.07468
       7.533      0.05627
        7.54      0.05627
       7.548      0.07468
        7.57       0.1115
       7.578       0.1299
       7.593       0.1299
       7.601       0.1299
       7.608      0.09309
       7.616      0.05627
       7.623      0.03785
       7.623     0.001023
       7.631     -0.01739
       7.638     -0.05422
       7.654      -0.1095
       7.661      -0.1279
       7.676      -0.1647
       7.684      -0.1831
       7.699      -0.1463
       7.707      -0.1279
       7.722     -0.05422
       7.729     -0.03581
       7.737     -0.01739
       7.744      0.01944
       7.752      0.05627
       7.759      0.09309
       7.767      0.09309
       7.775       0.1115
        7.79       0.1115
       7.797       0.1299
       7.805       0.1483
        7.82       0.1668
       7.827       0.1483
       7.835       0.1483
       7.843       0.1115
        7.85      0.09309
       7.858      0.05627
       7.865      0.01944
       7.873     -0.01739
       7.888     -0.07263
       7.895     -0.09105
       7.911      -0.1095
       7.918      -0.1095
       7.926     -0.09105
       7.941     -0.07263
       7.948     -0.05422
       7.964     -0.01739
       7.971     0.001023
       7.986      0.03785
       7.994      0.03785
       8.001      0.05627
       8.016      0.05627
       8.024      0.03785
       8.039      0.03785
       8.047      0.03785
       8.062      0.03785
       8.069      0.01944
       8.084     0.001023
       8.092      0.01944
         8.1      0.05627
       8.115      0.05627
       8.122      0.05627
       8.137     0.001023
       8.145     -0.01739
        8.16     -0.05422
       8.168     -0.05422
       8.175     -0.03581
        8.19     -0.01739
       8.198     -0.01739
       8.213     -0.01739
       8.221     -0.01739
       8.228     0.001023
       8.243      0.01944
       8.251      0.03785
       8.266      0.05627
       8.281      0.05627
       8.289      0.05627
       8.304      0.05627
       8.311      0.05627
       8.326      0.03785
       8.379     0.001023
       8.387     0.001023
       8.402     -0.03581
       8.409     -0.07263
       8.425      -0.1463
       8.432      -0.1463
       8.447      -0.1647
       8.455      -0.1647
       8.462      -0.1463
       8.478      -0.1095
       8.493     -0.03581
         8.5     -0.01739
       8.515     0.001023
       8.523      0.01944
       8.538      0.03785
       8.546      0.05627
       8.561      0.05627
       8.568      0.03785
       8.583      0.03785
       8.591      0.05627
       8.598      0.09309
       8.606       0.1115
       8.614       0.1483
       8.621       0.1852
       8.629       0.2036
       8.644       0.2588
       8.651       0.2957
       8.666       0.3325
       8.674       0.3325
       8.682       0.2957
       8.689       0.2588
       8.697        0.222
       8.712       0.2036
       8.719       0.2036
       8.735       0.1668
       8.742       0.1299
        8.75      0.09309
       8.757      0.05627
       8.765     0.001023
       8.772     -0.05422
        8.78     -0.09105
       8.787      -0.1279
       8.803      -0.1831
        8.81      -0.2015
       8.825      -0.2015
        8.84      -0.1647
       8.848      -0.1647
       8.863      -0.1647
       8.871      -0.1647
       8.878      -0.1463
       8.893      -0.1095
       8.901     -0.09105
       8.916     -0.07263
       8.923     -0.05422
       8.939     -0.03581
       8.946     -0.03581
       8.969      0.03785
       8.976      0.05627
