     0.01181       0.2097
     0.02692       0.2285
     0.03448        0.266
     0.04959        0.266
     0.05714       0.2847
     0.07225        0.266
     0.07981       0.2285
     0.08736        0.191
     0.09492       0.1347
        0.11      0.09719
      0.1176      0.07843
      0.1251      0.07843
      0.1402      0.00341
      0.1478     -0.01535
      0.1554     -0.05286
      0.1629     -0.09037
      0.1705      -0.1279
      0.1856      -0.1654
      0.1931      -0.1654
      0.2082      -0.1654
      0.2158      -0.1466
      0.2309      -0.1279
      0.2385      -0.1279
       0.246      -0.1091
      0.2687      -0.1279
      0.2762      -0.1091
      0.2913     -0.07161
      0.2989      -0.0341
      0.3065      0.02217
       0.314      0.05968
      0.3216       0.1159
      0.3291       0.1535
      0.3367       0.1535
      0.3518       0.1535
      0.3669       0.1159
      0.3745      0.07843
       0.382      0.05968
      0.3971      0.05968
      0.4047      0.07843
      0.4198      0.07843
      0.4273      0.07843
      0.4349      0.07843
        0.45      0.05968
      0.4651      0.07843
      0.4802      0.09719
      0.4878      0.09719
      0.4953      0.09719
      0.5104      0.05968
       0.518      0.04092
      0.5256      0.00341
      0.5331     -0.01535
      0.5482     -0.05286
      0.5558     -0.05286
      0.5709     -0.01535
      0.5784      0.00341
       0.586      0.02217
      0.6011      0.05968
      0.6087      0.07843
      0.6238      0.05968
      0.6313      0.05968
      0.6389      0.00341
      0.6464      0.00341
      0.6615     -0.05286
      0.6691     -0.05286
      0.6842     -0.09037
      0.6918      -0.1279
      0.6993      -0.1654
      0.7144      -0.2029
       0.722      -0.2029
      0.7371      -0.1841
      0.7447      -0.1466
      0.7522     -0.09037
      0.7598      -0.0341
      0.7673      0.00341
      0.7824      0.00341
        0.79      0.00341
      0.8051     -0.01535
      0.8126      -0.0341
      0.8278     -0.05286
      0.8353     -0.05286
      0.8504      -0.0341
      0.8655      0.00341
      0.8806      0.04092
      0.8882      0.05968
      0.8958      0.07843
      0.9109       0.1159
      0.9184       0.1347
      0.9335       0.1347
      0.9411       0.1535
      0.9562       0.1535
      0.9637       0.1347
      0.9713       0.1159
      0.9864      0.05968
       0.994      0.02217
       1.009     -0.01535
       1.017     -0.01535
       1.032      0.00341
       1.039      0.00341
       1.047      0.04092
       1.054      0.05968
        1.07      0.09719
       1.077      0.07843
       1.085      0.05968
         1.1      0.00341
       1.107      -0.0341
       1.122     -0.07161
        1.13      -0.1091
       1.145      -0.1279
        1.16      -0.1091
       1.168     -0.09037
       1.183      -0.0341
        1.19     -0.01535
       1.206      0.04092
       1.213      0.05968
       1.228      0.09719
       1.236       0.1159
       1.251       0.1347
       1.258       0.1347
       1.266       0.1347
       1.281      0.09719
       1.289      0.07843
       1.304      0.02217
       1.311     -0.01535
       1.319     -0.05286
       1.334     -0.09037
       1.342     -0.09037
       1.349     -0.07161
       1.364      -0.0341
       1.372      0.00341
       1.387      0.04092
       1.394      0.05968
       1.409      0.07843
       1.417      0.07843
       1.425      0.07843
        1.44      0.02217
       1.447      0.00341
       1.462      -0.0341
        1.47      -0.0341
       1.485      -0.0341
       1.493     -0.01535
       1.508      0.04092
       1.515      0.04092
        1.53      0.04092
       1.538      0.05968
       1.553       0.1159
       1.561       0.1347
       1.576       0.1722
       1.583        0.191
       1.598       0.1722
       1.606       0.1347
       1.621      0.09719
       1.629      0.09719
       1.644      0.09719
       1.651      0.09719
       1.666      0.04092
       1.674      0.00341
       1.681     -0.01535
       1.697     -0.05286
       1.704     -0.07161
       1.712     -0.07161
       1.727     -0.09037
       1.734      -0.1091
       1.749      -0.1654
       1.765      -0.2029
       1.772      -0.2217
        1.78      -0.2029
       1.787      -0.1841
       1.795      -0.1279
       1.802     -0.09037
        1.81      -0.0341
       1.825      0.05968
       1.833      0.07843
       1.848       0.1347
       1.863       0.1535
       1.878       0.1535
       1.893       0.1159
       1.901      0.09719
       1.916      0.09719
       1.923       0.1159
       1.938       0.1159
       1.946       0.1159
       1.961      0.05968
       1.969      0.04092
       1.984      0.05968
       1.999      0.07843
       2.006      0.07843
       2.021      0.04092
       2.021      0.00341
       2.029     -0.05286
       2.037      -0.1279
       2.044      -0.1841
       2.052      -0.2404
       2.059      -0.2592
       2.067      -0.2404
       2.074      -0.2029
       2.082      -0.1466
       2.089      -0.1091
       2.097     -0.05286
       2.105     -0.01535
       2.112      0.00341
        2.12      0.04092
       2.127      0.04092
       2.142      0.07843
       2.157      0.07843
       2.165      0.07843
        2.18      0.09719
       2.195      0.07843
       2.203      0.04092
        2.21      0.00341
       2.218      0.00341
       2.233      0.00341
       2.256      0.02217
       2.271      0.00341
       2.278      0.00341
       2.286      0.04092
       2.293      0.04092
       2.309      0.02217
       2.324     -0.01535
       2.331      -0.0341
       2.346      -0.0341
       2.354      -0.0341
       2.369      0.00341
       2.384      0.00341
       2.392      0.04092
       2.399      0.05968
       2.414      0.07843
       2.422      0.05968
       2.445      0.02217
       2.452      0.04092
       2.467      0.07843
       2.475      0.09719
        2.49      0.09719
       2.497      0.09719
       2.505       0.1159
        2.52       0.1347
       2.528       0.1347
       2.543      0.05968
        2.55      0.02217
       2.558     -0.01535
       2.573     -0.05286
       2.581     -0.07161
       2.596      -0.1091
       2.603      -0.1279
       2.618      -0.1091
       2.633     -0.07161
       2.641     -0.05286
       2.656     -0.01535
       2.664      0.05968
       2.664      0.00341
       2.671      0.07843
       2.679       0.1347
       2.686       0.1347
       2.701       0.1159
       2.709      0.09719
       2.724      0.05968
       2.732      0.04092
       2.739      0.00341
       2.747      -0.0341
       2.762     -0.07161
       2.769     -0.07161
       2.785     -0.05286
       2.792      -0.0341
         2.8      0.00341
       2.807      0.00341
        2.83      0.02217
       2.837      0.02217
       2.853      0.02217
        2.86      0.02217
       2.875      0.00341
        2.89      -0.0341
       2.898      0.00341
       2.913      0.05968
       2.921      0.07843
       2.936       0.1159
       2.943       0.1159
       2.958       0.1159
       2.973      0.07843
       2.981      0.09719
       2.996      0.09719
       3.004      0.09719
       3.019      0.05968
       3.026      0.04092
       3.049      0.00341
       3.057      0.00341
       3.072     -0.01535
       3.087     -0.05286
       3.094     -0.07161
       3.109     -0.07161
       3.117     -0.05286
       3.132     -0.07161
        3.14     -0.07161
       3.155      -0.1091
       3.162      -0.1279
        3.17      -0.1279
       3.185      -0.1279
       3.192      -0.1091
       3.208     -0.05286
       3.215      -0.0341
        3.23      -0.0341
       3.238      -0.0341
       3.245     -0.01535
        3.26      0.02217
       3.268      0.04092
       3.283      0.07843
       3.291      0.09719
       3.298       0.1159
       3.313      0.09719
       3.321      0.07843
       3.336      0.04092
       3.344      0.04092
       3.359      0.04092
       3.366      0.05968
       3.374       0.1159
       3.381       0.1535
       3.396       0.1722
       3.404       0.1535
       3.419      0.09719
       3.427      0.05968
       3.434      0.02217
       3.449      -0.0341
       3.457      -0.0341
       3.472      -0.0341
       3.487     -0.05286
       3.495     -0.07161
        3.51     -0.07161
       3.517     -0.05286
       3.532      -0.0341
        3.54      -0.0341
       3.555      0.00341
       3.563      0.00341
        3.57      0.00341
       3.585      -0.0341
       3.593     -0.05286
         3.6      -0.0341
       3.616      -0.0341
       3.623      -0.0341
       3.638      -0.0341
       3.646      -0.0341
       3.661      0.00341
       3.676     -0.01535
       3.684      -0.0341
       3.699     -0.05286
       3.706      -0.0341
       3.714     -0.01535
       3.729      0.05968
       3.736      0.07843
       3.744       0.1347
       3.752       0.1722
       3.759       0.2097
       3.774       0.2472
       3.782       0.2472
       3.797       0.2285
       3.804       0.2097
       3.812       0.1722
        3.82       0.1347
       3.835      0.09719
       3.842      0.07843
        3.85      0.07843
       3.865      0.05968
       3.872      0.05968
       3.888      0.05968
       3.895      0.05968
        3.91      0.04092
       3.918      0.00341
       3.925     -0.01535
        3.94     -0.05286
       3.948     -0.07161
       3.956      -0.1091
       3.963      -0.1466
       3.971      -0.1654
       3.986      -0.2029
       3.993      -0.2029
       4.008      -0.2217
       4.016      -0.2217
       4.031      -0.2404
       4.039      -0.2404
       4.046      -0.2029
       4.061      -0.1279
       4.069     -0.07161
       4.076      -0.0341
       4.084      0.00341
       4.092      0.04092
       4.099      0.05968
       4.114      0.07843
       4.122      0.07843
       4.129      0.09719
       4.144       0.1159
       4.152       0.1159
       4.167       0.1159
       4.175       0.1347
        4.19        0.191
       4.205       0.2472
       4.212        0.266
       4.228       0.3035
       4.235       0.3035
       4.243        0.266
        4.25       0.2097
       4.258       0.1722
       4.265       0.1159
       4.273      0.05968
       4.288      0.00341
       4.296      0.00341
       4.311     -0.01535
       4.318     -0.01535
       4.333      -0.0341
       4.341     -0.01535
       4.356      0.02217
       4.364      0.04092
       4.371      0.00341
       4.379     -0.01535
       4.394     -0.07161
       4.401      -0.1091
       4.409      -0.1466
       4.416      -0.1841
       4.432      -0.2217
       4.439      -0.2217
       4.447      -0.1841
       4.462      -0.1466
       4.469      -0.1091
       4.477     -0.09037
       4.484     -0.05286
       4.492     -0.01535
         4.5      0.02217
       4.507      0.05968
       4.515      0.09719
       4.522       0.1347
       4.537       0.1535
       4.545       0.1535
       4.552       0.1535
       4.568      0.09719
       4.583      0.05968
        4.59      0.04092
       4.605      0.04092
       4.613      0.05968
        4.62      0.09719
       4.628      0.09719
       4.643      0.09719
       4.651      0.07843
       4.666      0.09719
       4.673       0.1347
       4.681       0.1535
       4.696       0.1722
       4.704       0.1535
       4.711       0.1159
       4.719      0.07843
       4.734      0.00341
       4.741      0.00341
       4.756      -0.0341
       4.764     -0.05286
       4.779     -0.09037
       4.787     -0.09037
       4.802     -0.09037
       4.817      -0.1091
       4.824     -0.09037
       4.839     -0.07161
       4.847     -0.05286
       4.862     -0.05286
        4.87      -0.0341
       4.877     -0.01535
       4.885      0.02217
       4.892      0.05968
       4.907      0.05968
       4.915      0.02217
        4.93      -0.0341
       4.938     -0.07161
       4.953      -0.1091
        4.96      -0.1279
       4.975      -0.1466
       4.983      -0.1466
       4.991      -0.1279
       5.006     -0.09037
       5.013     -0.07161
       5.028      -0.0341
       5.036      0.00341
       5.051      0.04092
       5.059      0.05968
       5.074      0.09719
       5.081      0.09719
       5.096      0.09719
       5.111      0.05968
       5.119      0.02217
       5.134     -0.01535
       5.142     -0.01535
       5.149      0.00341
       5.164      0.04092
       5.172      0.05968
       5.187      0.04092
       5.195      0.05968
        5.21       0.1159
       5.217       0.1722
       5.225       0.2097
       5.232       0.2472
       5.247       0.2285
       5.255       0.2285
        5.27        0.191
       5.285       0.1159
       5.293      0.07843
         5.3      0.05968
       5.323      0.00341
       5.331      0.00341
       5.338      -0.0341
       5.346     -0.07161
       5.353     -0.09037
       5.368      -0.1466
       5.376      -0.1466
       5.391      -0.1091
       5.399     -0.09037
       5.414     -0.05286
       5.421      -0.0341
       5.436      0.00341
       5.444      0.02217
       5.459      0.04092
       5.467      0.04092
       5.474      0.02217
       5.489     -0.01535
       5.497     -0.01535
       5.512     -0.01535
       5.519      -0.0341
       5.527      -0.0341
       5.542     -0.05286
        5.55     -0.05286
       5.565     -0.05286
       5.572     -0.05286
        5.58      -0.0341
       5.595      0.05968
       5.603      0.09719
       5.618      0.09719
       5.625      0.05968
       5.633      0.02217
        5.64     -0.01535
       5.648     -0.07161
       5.655     -0.09037
       5.663      -0.1279
       5.671      -0.1466
       5.686      -0.1091
       5.701     -0.07161
       5.716     -0.01535
       5.723      0.00341
       5.731      0.04092
       5.739      0.05968
       5.754      0.07843
       5.761      0.07843
       5.776      0.07843
       5.791      0.07843
       5.814       0.1159
       5.822       0.1347
       5.844       0.1722
       5.852        0.191
       5.859       0.2285
       5.875       0.2472
       5.882       0.2285
        5.89       0.2285
       5.905        0.191
       5.912       0.1535
        5.92       0.1159
       5.927      0.05968
       5.935      0.02217
        5.95     -0.01535
       5.958      -0.0341
       5.973     -0.05286
        5.98     -0.05286
       5.988      -0.0341
       6.003     -0.05286
       6.011     -0.05286
       6.026     -0.09037
       6.033     -0.09037
       6.041     -0.09037
       6.056      -0.1091
       6.063      -0.1091
       6.079      -0.1279
       6.086      -0.1466
       6.094      -0.1279
       6.109     -0.07161
       6.116      -0.0341
       6.124      0.00341
       6.139      0.04092
       6.147      0.02217
       6.154      0.00341
       6.169     -0.05286
       6.177     -0.05286
       6.184      -0.0341
       6.199      0.00341
       6.207      0.02217
       6.222      0.04092
        6.23      0.04092
       6.245      0.02217
        6.26      0.00341
       6.267      0.04092
       6.275      0.05968
        6.29      0.09719
       6.298      0.07843
       6.313      0.05968
        6.32      0.05968
       6.335      0.07843
       6.343      0.07843
       6.358      0.00341
       6.366     -0.01535
       6.373     -0.05286
       6.381     -0.07161
       6.396     -0.09037
       6.403     -0.07161
       6.411     -0.05286
       6.426     -0.01535
       6.434      0.00341
       6.441      0.04092
       6.456      0.07843
       6.471      0.05968
       6.479      0.04092
       6.494      0.00341
       6.502     -0.01535
       6.509     -0.01535
       6.524     -0.05286
       6.532      -0.0341
       6.547      0.00341
       6.555      0.02217
        6.57      0.04092
       6.577      0.05968
       6.592      0.07843
         6.6      0.09719
       6.615      0.07843
       6.622      0.05968
       6.638      0.04092
       6.653      0.07843
       6.668       0.1159
       6.675       0.1159
        6.69       0.1159
       6.698       0.1159
       6.713      0.07843
       6.721      0.05968
       6.736      0.00341
       6.743     -0.01535
       6.751     -0.05286
       6.758     -0.07161
       6.774     -0.07161
       6.781     -0.05286
       6.789     -0.01535
       6.796      0.02217
       6.811      0.07843
       6.819      0.09719
       6.834      0.07843
       6.842      0.07843
       6.857      0.05968
       6.864      0.04092
       6.879      0.00341
       6.887     -0.01535
       6.902     -0.05286
        6.91     -0.07161
       6.917      -0.0341
       6.932      0.00341
        6.94      0.04092
       6.947      0.05968
       6.962      0.05968
        6.97      0.04092
       6.978      0.02217
       6.993     -0.01535
           7      -0.0341
       7.008      -0.0341
       7.023      -0.0341
        7.03     -0.01535
       7.046      0.02217
       7.053      0.04092
       7.068      0.05968
       7.083      0.05968
       7.091      0.05968
       7.098      0.05968
       7.114      0.04092
       7.121      0.02217
       7.136      0.00341
       7.144      0.00341
       7.159      -0.0341
       7.166     -0.05286
       7.174     -0.09037
       7.182      -0.1091
       7.197      -0.1466
       7.204      -0.1279
       7.219      -0.1279
       7.227      -0.1466
       7.242      -0.1841
        7.25      -0.2029
       7.265      -0.2029
       7.272      -0.1841
       7.287      -0.1279
       7.295      -0.1091
        7.31     -0.07161
       7.318      -0.0341
       7.325      0.00341
       7.333      0.05968
        7.34      0.07843
       7.355       0.1347
       7.363       0.1535
        7.37        0.191
       7.378       0.2097
       7.386       0.2472
       7.393       0.2472
       7.408       0.2285
       7.423        0.191
       7.431        0.191
       7.454        0.191
       7.461       0.2097
       7.476       0.2285
       7.484       0.2285
       7.491       0.2285
       7.506       0.2097
       7.514       0.1722
       7.522       0.1347
       7.529      0.07843
       7.537     -0.01535
       7.544     -0.05286
       7.552      -0.1091
       7.559      -0.1466
       7.574      -0.1841
       7.582      -0.2029
       7.597      -0.2217
       7.612      -0.2217
        7.62      -0.1654
       7.627      -0.1091
       7.635      -0.0341
       7.642      0.02217
        7.65      0.05968
       7.665      0.09719
       7.673      0.09719
        7.68       0.1159
       7.695       0.1159
       7.703       0.1159
       7.718       0.1159
       7.726       0.1159
       7.733       0.1159
       7.748      0.05968
       7.756      0.05968
       7.771      0.07843
       7.778      0.07843
       7.794       0.1347
       7.809       0.1535
       7.816       0.1347
       7.824      0.09719
       7.831      0.05968
       7.839     -0.01535
       7.846     -0.09037
       7.854      -0.1466
       7.869      -0.2029
       7.877      -0.2029
       7.884      -0.2217
       7.899      -0.2779
       7.914      -0.3154
       7.922      -0.2967
        7.93      -0.2404
       7.937      -0.1841
       7.945      -0.1091
       7.952     -0.05286
        7.96     -0.01535
       7.967      0.05968
       7.975       0.1159
       7.982       0.1535
       7.998       0.1722
       8.005       0.1535
        8.02       0.1159
       8.028      0.07843
       8.035      0.07843
        8.05      0.07843
       8.058      0.05968
       8.073      0.05968
       8.081      0.07843
       8.096      0.09719
       8.103      0.09719
       8.118      0.09719
       8.126      0.09719
       8.141      0.05968
       8.149      0.07843
       8.164      0.07843
       8.171      0.07843
       8.186      0.07843
       8.194      0.07843
       8.209      0.05968
       8.217      0.02217
       8.224     -0.01535
       8.232     -0.05286
       8.239     -0.09037
       8.254      -0.1091
       8.262      -0.1091
       8.277     -0.05286
       8.285      -0.0341
         8.3     -0.01535
       8.307     -0.01535
       8.315      0.00341
        8.33      0.00341
       8.337      0.00341
       8.353      0.02217
        8.36      0.04092
       8.375      0.04092
       8.383      0.04092
       8.398      0.02217
       8.405      0.00341
       8.421      0.00341
       8.428      0.02217
       8.451      0.00341
       8.458      0.00341
       8.473      0.00341
       8.481      0.00341
       8.496     -0.01535
       8.504      -0.0341
       8.519      -0.0341
       8.526     -0.01535
       8.541      0.02217
       8.549      0.04092
       8.557      0.05968
       8.572      0.04092
       8.579      0.04092
       8.602      0.02217
       8.609      0.04092
       8.617      0.05968
       8.632       0.1159
        8.64       0.1347
       8.655       0.1347
       8.662      0.07843
        8.67      0.00341
       8.677      0.00341
       8.685      -0.0341
       8.693     -0.05286
       8.708     -0.09037
       8.715      -0.1091
        8.73      -0.1279
       8.738      -0.1279
       8.753      -0.1279
       8.768      -0.1091
       8.776     -0.09037
       8.791     -0.05286
       8.798      -0.0341
       8.813      0.00341
       8.821      0.00341
       8.829      0.04092
       8.836      0.05968
       8.851       0.1159
       8.859       0.1347
       8.874       0.1722
       8.881       0.1722
       8.889       0.1347
       8.897      0.09719
       8.904      0.05968
       8.912      0.02217
       8.927     -0.01535
       8.934      -0.0341
       8.949     -0.05286
       8.965     -0.01535
