     0.01181      0.03581
     0.01937      0.05627
     0.03448      0.05627
     0.04203      0.05627
     0.05714      0.05627
      0.0647      0.05627
     0.07981      0.03581
     0.08736      0.01535
      0.1025      0.01535
        0.11      0.01535
      0.1176      0.03581
      0.1327      0.01535
      0.1402      0.01535
      0.1554    -0.005115
      0.1629    -0.005115
       0.178    -0.005115
      0.1931     -0.02558
      0.2007     -0.04604
      0.2158     -0.04604
      0.2309      -0.0665
      0.2385      -0.0665
       0.246      -0.0665
      0.2611     -0.08696
      0.2687     -0.08696
      0.2838     -0.08696
      0.2913      -0.0665
      0.3065      -0.0665
       0.314     -0.08696
      0.3291     -0.08696
      0.3367      -0.0665
      0.3518     -0.02558
      0.3593    -0.005115
      0.3745    -0.005115
       0.382    -0.005115
      0.3971    -0.005115
      0.4047    -0.005115
      0.4198     -0.02558
      0.4273     -0.02558
      0.4424     -0.02558
        0.45    -0.005115
      0.4651      0.01535
      0.4802      0.01535
      0.4878      0.01535
      0.5029      0.01535
      0.5104      0.01535
      0.5256      0.03581
      0.5331      0.03581
      0.5482      0.05627
      0.5558      0.05627
      0.5709      0.07673
       0.586      0.09719
      0.5936      0.09719
      0.6087      0.09719
      0.6238      0.07673
      0.6313      0.07673
      0.6464      0.05627
       0.654      0.05627
      0.6691      0.05627
      0.6767      0.05627
      0.6918      0.05627
      0.6993      0.05627
      0.7144      0.05627
      0.7295      0.01535
      0.7371     -0.02558
      0.7522      -0.0665
      0.7598      -0.0665
      0.7749     -0.08696
      0.7824     -0.08696
      0.7975     -0.08696
      0.8051     -0.08696
      0.8202     -0.08696
      0.8278     -0.08696
      0.8429     -0.08696
      0.8504      -0.0665
      0.8655      -0.0665
      0.8731      -0.0665
      0.8806     -0.04604
      0.8958     -0.04604
      0.9033     -0.02558
      0.9184    -0.005115
       0.926      0.01535
      0.9411      0.05627
      0.9486      0.05627
      0.9637      0.07673
      0.9713      0.09719
      0.9864      0.09719
       0.994      0.09719
       1.009      0.09719
       1.017      0.09719
       1.032      0.09719
       1.039      0.09719
       1.054      0.09719
       1.062       0.1176
       1.077       0.1381
       1.085       0.1381
         1.1      0.09719
       1.107      0.09719
       1.122      0.07673
        1.13      0.07673
       1.145      0.05627
       1.153      0.03581
        1.16      0.01535
       1.175     -0.04604
       1.183     -0.08696
        1.19      -0.1074
       1.206      -0.1279
       1.213      -0.1483
       1.221      -0.1483
       1.236      -0.1688
       1.243      -0.1688
       1.258      -0.1279
       1.274     -0.08696
       1.281      -0.0665
       1.296     -0.04604
       1.304     -0.04604
       1.319     -0.02558
       1.334     -0.02558
       1.342     -0.04604
       1.357     -0.04604
       1.364     -0.04604
       1.379     -0.02558
       1.394    -0.005115
       1.402    -0.005115
       1.417      0.03581
       1.425      0.03581
        1.44      0.07673
       1.455      0.09719
       1.462      0.09719
       1.477       0.1176
       1.493       0.1176
         1.5       0.1176
       1.515      0.09719
       1.523      0.09719
       1.538      0.09719
       1.545      0.09719
       1.561      0.09719
       1.576      0.09719
       1.583      0.09719
       1.598      0.09719
       1.613      0.07673
       1.621      0.05627
       1.636      0.05627
       1.651      0.01535
       1.659    -0.005115
       1.674     -0.02558
       1.681     -0.04604
       1.689     -0.02558
       1.704    -0.005115
       1.712    -0.005115
       1.727    -0.005115
       1.734    -0.005115
       1.749    -0.005115
       1.757    -0.005115
       1.772    -0.005115
       1.787     -0.04604
       1.795     -0.04604
        1.81     -0.08696
       1.817      -0.1074
       1.825      -0.1074
        1.84      -0.1279
       1.848      -0.1074
       1.863     -0.08696
        1.87     -0.08696
       1.885     -0.08696
       1.893     -0.08696
       1.908      -0.1279
       1.916      -0.1279
       1.923      -0.1074
       1.938     -0.04604
       1.946     -0.02558
       1.961    -0.005115
       1.969    -0.005115
       1.984    -0.005115
       1.991    -0.005115
       1.999      0.01535
       2.014      0.01535
       2.021      0.03581
       2.037      0.03581
       2.044      0.05627
       2.059      0.07673
       2.067      0.07673
       2.082      0.09719
       2.097      0.09719
       2.105      0.07673
        2.12      0.05627
       2.135      0.01535
       2.142      0.01535
       2.157    -0.005115
       2.165     -0.02558
        2.18    -0.005115
       2.195    -0.005115
       2.203      0.01535
       2.218      0.01535
       2.225      0.03581
       2.241      0.03581
       2.248      0.05627
       2.263      0.03581
       2.271      0.03581
       2.286      0.01535
       2.293      0.01535
       2.309      0.05627
       2.324      0.09719
       2.331       0.1176
       2.346       0.1176
       2.354       0.1176
       2.369       0.1176
       2.377       0.1176
       2.384       0.1176
       2.399      0.09719
       2.407      0.09719
       2.414      0.09719
       2.429      0.07673
       2.437      0.05627
       2.452      0.01535
        2.46      0.01535
       2.475    -0.005115
       2.482    -0.005115
        2.49    -0.005115
       2.505     -0.02558
       2.513     -0.02558
        2.52     -0.02558
       2.535     -0.04604
       2.543     -0.04604
       2.558      -0.0665
       2.565     -0.08696
       2.581     -0.08696
       2.588     -0.08696
       2.596      -0.0665
       2.611     -0.02558
       2.618    -0.005115
       2.633    -0.005115
       2.641    -0.005115
       2.656     -0.02558
       2.664     -0.02558
       2.679     -0.02558
       2.686     -0.02558
       2.701     -0.02558
       2.709     -0.02558
       2.724     -0.04604
       2.732     -0.04604
       2.739     -0.02558
       2.754    -0.005115
       2.762    -0.005115
       2.777    -0.005115
       2.785    -0.005115
         2.8     -0.02558
       2.807     -0.04604
       2.822     -0.04604
        2.83     -0.04604
       2.837     -0.02558
        2.86     -0.04604
       2.868     -0.04604
       2.883     -0.04604
        2.89     -0.02558
       2.905      0.03581
       2.921      0.07673
       2.928      0.09719
       2.936       0.1176
       2.951       0.1176
       2.958      0.09719
       2.966      0.09719
       2.981      0.05627
       2.989      0.03581
       3.004      0.01535
       3.011      0.01535
       3.026    -0.005115
       3.034    -0.005115
       3.041    -0.005115
       3.057     -0.02558
       3.064     -0.02558
       3.079     -0.02558
       3.087     -0.02558
       3.102     -0.02558
       3.109    -0.005115
       3.124      0.01535
       3.132      0.03581
        3.14      0.05627
       3.155      0.05627
       3.162      0.05627
       3.177      0.03581
       3.185      0.03581
         3.2    -0.005115
       3.208    -0.005115
       3.215    -0.005115
        3.23     -0.02558
       3.238     -0.04604
       3.253      -0.0665
        3.26      -0.0665
       3.276      -0.0665
       3.283      -0.0665
       3.291     -0.04604
       3.306     -0.02558
       3.313     -0.02558
       3.321    -0.005115
       3.336      0.01535
       3.344      0.03581
       3.351      0.05627
       3.366      0.05627
       3.374      0.05627
       3.381      0.07673
       3.396      0.07673
       3.404      0.07673
       3.419      0.07673
       3.427      0.07673
       3.442      0.09719
       3.457      0.07673
       3.464      0.07673
        3.48      0.07673
       3.487      0.07673
       3.495      0.07673
        3.51      0.03581
       3.517      0.03581
       3.532    -0.005115
        3.54      0.01535
       3.555      0.03581
       3.563      0.05627
       3.578      0.09719
       3.593      0.09719
         3.6      0.07673
       3.616      0.03581
       3.623      0.01535
       3.638     -0.02558
       3.646     -0.04604
       3.661      -0.0665
       3.668     -0.08696
       3.684      -0.1074
       3.699      -0.1483
       3.706      -0.1688
       3.721      -0.1688
       3.736      -0.1483
       3.744      -0.1483
       3.752      -0.1279
       3.767      -0.1074
       3.774      -0.1074
       3.782     -0.08696
       3.797     -0.04604
       3.804     -0.02558
        3.82     -0.02558
       3.827    -0.005115
       3.842    -0.005115
       3.857    -0.005115
       3.872    -0.005115
        3.88    -0.005115
       3.888    -0.005115
       3.903    -0.005115
        3.91      0.01535
       3.925      0.05627
        3.94      0.07673
       3.948      0.07673
       3.963      0.07673
       3.971      0.07673
       3.978      0.09719
       3.993      0.09719
       4.001      0.09719
       4.016      0.09719
       4.024       0.1176
       4.039       0.1176
       4.046       0.1176
       4.061       0.1176
       4.069      0.09719
       4.084      0.09719
       4.099      0.07673
       4.107      0.07673
       4.114      0.07673
       4.129      0.07673
       4.137      0.07673
       4.152      0.05627
        4.16      0.05627
       4.175      0.03581
       4.182      0.03581
       4.197      0.03581
       4.205      0.03581
       4.212      0.05627
       4.228      0.07673
       4.235      0.07673
       4.243      0.07673
       4.258      0.03581
       4.265    -0.005115
       4.273    -0.005115
       4.288     -0.02558
       4.296     -0.04604
       4.303      -0.0665
       4.318      -0.1074
       4.326      -0.1279
       4.341      -0.1688
       4.348      -0.1688
       4.364      -0.1688
       4.371      -0.1688
       4.386      -0.1688
       4.394      -0.1688
       4.409      -0.1483
       4.416      -0.1279
       4.432      -0.1074
       4.439      -0.1074
       4.454     -0.08696
       4.462      -0.0665
       4.477     -0.04604
       4.484     -0.02558
         4.5      0.01535
       4.507      0.05627
       4.522      0.07673
        4.53      0.09719
       4.545       0.1176
       4.552       0.1381
       4.568       0.1381
       4.575       0.1381
        4.59       0.1381
       4.605       0.1176
       4.613       0.1176
       4.628      0.09719
       4.636      0.09719
       4.658      0.09719
       4.673      0.07673
       4.681      0.07673
       4.688      0.07673
       4.704      0.03581
       4.711      0.03581
       4.726      0.03581
       4.734      0.03581
       4.749      0.05627
       4.764      0.03581
       4.772      0.03581
       4.787      0.03581
       4.794      0.05627
       4.802      0.07673
       4.817      0.07673
       4.824      0.07673
       4.839      0.07673
       4.855      0.03581
       4.862    -0.005115
       4.877      -0.0665
       4.885     -0.08696
         4.9      -0.1279
       4.907      -0.1483
       4.923      -0.1688
       4.938      -0.1688
       4.945      -0.1688
        4.96      -0.1688
       4.968      -0.1688
       4.975      -0.1483
       4.991      -0.1483
       4.998      -0.1483
       5.006      -0.1279
       5.021      -0.1279
       5.028      -0.1279
       5.043      -0.1483
       5.051      -0.1483
       5.066      -0.1074
       5.074     -0.08696
       5.089     -0.04604
       5.104     -0.02558
       5.111     -0.02558
       5.127      0.03581
       5.142      0.07673
       5.149      0.09719
       5.164       0.1381
       5.172       0.1381
       5.179       0.1586
       5.195        0.179
       5.202       0.1995
       5.217       0.2199
       5.225       0.2199
       5.232       0.2199
       5.247        0.179
       5.255        0.179
        5.27       0.1586
       5.278       0.1586
       5.293       0.1381
       5.308       0.1176
       5.315      0.09719
       5.331      0.09719
       5.338      0.09719
       5.353      0.09719
       5.361      0.09719
       5.376      0.09719
       5.383      0.09719
       5.399      0.09719
       5.406      0.09719
       5.421      0.09719
       5.429      0.07673
       5.436      0.05627
       5.451    -0.005115
       5.459     -0.02558
       5.474      -0.0665
       5.482     -0.08696
       5.489     -0.08696
       5.504      -0.1074
       5.512      -0.1279
       5.527      -0.1279
       5.535      -0.1279
        5.55      -0.1279
       5.557      -0.1279
       5.572      -0.1483
        5.58      -0.1483
       5.587      -0.1279
       5.603      -0.1074
        5.61     -0.08696
       5.625      -0.0665
       5.633     -0.04604
       5.655     -0.04604
       5.663     -0.04604
       5.678     -0.04604
       5.693     -0.04604
       5.701     -0.02558
       5.716    -0.005115
       5.723    -0.005115
       5.731      0.01535
       5.746      0.03581
       5.754      0.03581
       5.769      0.03581
       5.776      0.03581
       5.791      0.03581
       5.799      0.05627
       5.814      0.05627
       5.822      0.05627
       5.829      0.05627
       5.852      0.03581
       5.859      0.03581
       5.875      0.03581
       5.882      0.05627
       5.897      0.07673
       5.905      0.07673
       5.912      0.09719
       5.927      0.09719
       5.935      0.09719
       5.943       0.1176
       5.958      0.09719
       5.965      0.09719
       5.973      0.09719
       5.988      0.09719
       5.995      0.07673
       6.011      0.01535
       6.018      0.01535
       6.033     -0.02558
       6.041     -0.02558
       6.056      -0.0665
       6.071     -0.08696
       6.079     -0.08696
       6.094     -0.08696
       6.101     -0.08696
       6.116      -0.1074
       6.124      -0.1074
       6.139      -0.0665
       6.154     -0.02558
       6.162     -0.02558
       6.169    -0.005115
       6.184    -0.005115
       6.192      0.01535
       6.207      0.01535
       6.215    -0.005115
        6.23     -0.04604
       6.237      -0.0665
       6.252      -0.1074
        6.26      -0.1074
       6.275     -0.08696
       6.283      -0.0665
       6.298     -0.02558
       6.313      0.01535
        6.32      0.01535
       6.335      0.03581
       6.343      0.03581
       6.358      0.03581
       6.366      0.03581
       6.381      0.05627
       6.388      0.05627
       6.403      0.05627
       6.411      0.07673
       6.426      0.07673
       6.434      0.09719
       6.449      0.09719
       6.456       0.1176
       6.471       0.1176
       6.479       0.1176
       6.494       0.1176
       6.509      0.09719
       6.517      0.07673
       6.532      0.07673
       6.539      0.07673
       6.555      0.03581
       6.562      0.01535
        6.57      0.01535
       6.585     -0.02558
       6.592     -0.02558
       6.607    -0.005115
       6.622      0.01535
        6.63      0.01535
       6.645      0.03581
       6.653      0.05627
       6.668      0.05627
       6.675      0.05627
       6.683      0.05627
       6.698      0.01535
       6.706    -0.005115
       6.713     -0.04604
       6.721      -0.0665
       6.736      -0.1074
       6.743      -0.1074
       6.758      -0.1279
       6.766      -0.1279
       6.781      -0.1483
       6.789      -0.1483
       6.804      -0.1483
       6.811      -0.1279
       6.826      -0.0665
       6.842     -0.02558
       6.849    -0.005115
       6.864    -0.005115
       6.872    -0.005115
       6.887    -0.005115
       6.894    -0.005115
        6.91    -0.005115
       6.917    -0.005115
       6.932    -0.005115
        6.94    -0.005115
       6.955    -0.005115
       6.962      0.01535
       6.978      0.01535
       6.985      0.01535
           7      0.03581
       7.008      0.03581
       7.023      0.01535
        7.03      0.01535
       7.046    -0.005115
       7.053    -0.005115
       7.061    -0.005115
       7.076     -0.02558
       7.083     -0.02558
       7.098    -0.005115
       7.114      0.01535
       7.121      0.03581
       7.129      0.05627
       7.144      0.07673
       7.151      0.07673
       7.159      0.09719
       7.174       0.1176
       7.182       0.1381
       7.197       0.1381
       7.204       0.1381
       7.219       0.1176
       7.227       0.1176
        7.25      0.07673
       7.257      0.05627
       7.272    -0.005115
        7.28     -0.02558
       7.295      -0.0665
       7.302     -0.08696
        7.31      -0.0665
       7.325      -0.0665
       7.333      -0.0665
        7.34     -0.04604
       7.355     -0.02558
       7.363    -0.005115
       7.378      0.01535
       7.386      0.01535
       7.401      0.01535
       7.408    -0.005115
       7.416    -0.005115
       7.431     -0.04604
       7.438      -0.0665
       7.454     -0.04604
       7.469     -0.02558
       7.476    -0.005115
       7.491      0.01535
       7.499      0.03581
       7.514      0.03581
       7.522      0.03581
       7.537      0.03581
       7.552    -0.005115
       7.559     -0.02558
       7.574     -0.04604
       7.582     -0.04604
       7.597     -0.04604
       7.605     -0.02558
        7.62    -0.005115
       7.627    -0.005115
        7.65      0.03581
       7.658      0.05627
       7.673      0.07673
        7.68      0.09719
       7.695       0.1176
       7.703       0.1176
       7.718       0.1176
       7.726       0.1176
       7.741       0.1381
       7.748       0.1381
       7.756       0.1381
       7.771      0.09719
       7.778      0.09719
       7.794      0.07673
       7.801      0.07673
       7.816      0.07673
       7.824      0.07673
       7.839      0.01535
       7.846    -0.005115
       7.854     -0.04604
       7.862     -0.08696
       7.877      -0.1279
       7.884      -0.1483
       7.892      -0.1483
       7.907      -0.1893
       7.914      -0.1893
        7.93      -0.1893
       7.937      -0.1893
       7.945      -0.1688
        7.96      -0.1483
       7.967      -0.1279
       7.982     -0.08696
        7.99      -0.0665
       8.005    -0.005115
       8.013    -0.005115
        8.02      0.01535
       8.035      0.03581
       8.043      0.03581
       8.058      0.03581
       8.066      0.01535
       8.073      0.01535
       8.088    -0.005115
       8.096    -0.005115
       8.111      0.01535
       8.126      0.05627
       8.134      0.09719
       8.149       0.1176
       8.156       0.1176
       8.164       0.1381
       8.179       0.1381
       8.186       0.1381
       8.194       0.1381
       8.209      0.07673
       8.224      0.03581
       8.232      0.01535
       8.247     -0.02558
       8.254     -0.02558
       8.262    -0.005115
       8.277      0.01535
       8.285      0.03581
         8.3      0.05627
       8.307      0.05627
       8.322      0.07673
        8.33      0.09719
       8.345      0.09719
       8.353      0.09719
       8.368       0.1176
       8.383       0.1381
        8.39       0.1586
       8.405       0.1586
       8.413       0.1586
       8.421       0.1586
       8.436       0.1176
       8.443      0.09719
       8.451      0.09719
       8.466      0.07673
       8.473      0.05627
       8.489      0.05627
       8.496      0.05627
       8.511      0.05627
       8.526      0.01535
       8.534    -0.005115
       8.541     -0.04604
       8.549      -0.0665
       8.564     -0.08696
       8.572      -0.1074
       8.587      -0.1483
       8.594      -0.1688
       8.609      -0.1893
       8.617      -0.1893
       8.632      -0.1893
       8.647      -0.2097
       8.655      -0.1893
        8.67      -0.1893
       8.677      -0.1893
       8.693      -0.1688
       8.708      -0.1279
       8.715      -0.1074
        8.73     -0.08696
       8.738      -0.0665
       8.753     -0.04604
       8.761     -0.02558
       8.776     -0.02558
       8.783    -0.005115
       8.798    -0.005115
       8.806      0.01535
       8.821      0.01535
       8.829      0.01535
       8.844      0.01535
       8.851      0.03581
       8.866      0.03581
       8.874      0.03581
       8.881      0.03581
       8.897      0.03581
       8.904      0.03581
       8.912      0.05627
       8.927      0.09719
       8.934      0.09719
       8.942       0.1176
       8.957      0.09719
       8.965      0.09719
