     0.01186       0.3198
     0.01186       0.2504
     0.01942       0.3892
     0.01942       0.3198
     0.02699       0.3892
     0.04968       0.5279
     0.05724       0.5453
     0.05724       0.5106
     0.06481       0.4585
     0.07237       0.3718
     0.07993       0.3892
     0.07993       0.3024
      0.0875       0.3024
      0.0875       0.1984
     0.09506       0.1984
     0.09506      0.09431
      0.1026     -0.04444
      0.1102     -0.04444
      0.1102      -0.2005
      0.1178       -0.322
      0.1253       -0.322
      0.1329       -0.478
       0.148       -0.478
      0.1707       -0.374
      0.1783      -0.2873
      0.1783       -0.374
      0.1858      -0.1832
      0.1858      -0.2873
      0.1934     -0.04444
      0.1934      -0.1832
       0.201      0.09431
       0.201     -0.04444
      0.2085       0.2331
      0.2085      0.09431
      0.2161       0.3371
      0.2161       0.2331
      0.2237       0.4065
      0.2237       0.3371
      0.2312       0.4585
      0.2312       0.4065
      0.2539       0.4412
      0.2539       0.3718
      0.2615       0.2678
       0.269       0.2678
       0.269        0.181
      0.2766      0.07696
      0.2842      0.07696
      0.2842    -0.009756
      0.2917      -0.1138
      0.2993      -0.1138
      0.2993      -0.2005
      0.3069      -0.2005
      0.3069      -0.2699
      0.3144      -0.2699
       0.322       -0.322
      0.3295      -0.3393
      0.3447      -0.2873
      0.3522      -0.2005
      0.3522      -0.2873
      0.3598     -0.09648
      0.3598      -0.2005
      0.3674     0.007588
      0.3674     -0.09648
      0.3749        0.129
      0.3749     0.007588
      0.3825       0.2504
      0.3825        0.129
      0.3901       0.3718
      0.3901       0.2504
      0.3976       0.4412
      0.3976       0.3718
      0.4052       0.5106
      0.4052       0.4412
      0.4203       0.5279
      0.4279       0.5106
      0.4354       0.4412
      0.4506       0.3545
      0.4506       0.2331
      0.4581       0.2331
      0.4581       0.1117
      0.4657       0.1117
      0.4657      -0.0271
      0.4733      -0.0271
      0.4733      -0.1659
      0.4808      -0.1659
      0.4808      -0.2873
      0.4884      -0.2873
      0.4884       -0.374
       0.496       -0.374
       0.496      -0.4434
      0.5186       -0.478
      0.5413      -0.4087
      0.5489      -0.3046
      0.5489      -0.4087
      0.5565      -0.1832
      0.5565      -0.3046
       0.564     -0.04444
       0.564      -0.1832
      0.5716        0.129
      0.5716     -0.04444
      0.5792       0.3371
      0.5792        0.129
      0.5867       0.5279
      0.5867       0.3371
      0.5943       0.6667
      0.5943       0.5279
      0.6019       0.7534
      0.6019       0.6667
      0.6094       0.7881
      0.6094       0.7534
      0.6245        0.736
      0.6321        0.736
      0.6321        0.684
      0.6472       0.6146
      0.6472       0.5106
      0.6548       0.5106
      0.6548       0.3892
      0.6624       0.2331
      0.6699       0.2504
      0.6699       0.1117
      0.6775       0.1117
      0.6775      -0.0271
      0.6851      -0.0271
      0.6851      -0.1485
      0.6926      -0.1485
      0.6926      -0.2699
      0.7002      -0.2699
      0.7002      -0.3913
      0.7078      -0.3913
      0.7078      -0.4954
      0.7153      -0.4954
      0.7153      -0.5648
      0.7229      -0.5648
      0.7229      -0.6168
       0.738      -0.6341
      0.7607      -0.5821
      0.7607      -0.6515
      0.7683       -0.478
      0.7683      -0.5821
      0.7758      -0.3046
      0.7758       -0.478
      0.7834      -0.1312
      0.7834      -0.3046
       0.791      0.07696
       0.791      -0.1312
      0.7985       0.2331
      0.7985      0.07696
      0.8061       0.3892
      0.8061       0.2331
      0.8136       0.4759
      0.8136       0.3892
      0.8212       0.5453
      0.8212       0.4759
      0.8439       0.5453
      0.8515       0.5106
       0.859       0.4585
      0.8666       0.4585
      0.8666       0.3892
      0.8742       0.3892
      0.8742       0.3198
      0.8817       0.3198
      0.8817       0.2678
      0.8893       0.2678
      0.8893       0.1984
      0.8969       0.1984
      0.8969        0.129
      0.9044        0.129
      0.9044      0.05962
       0.912      0.05962
       0.912    -0.009756
      0.9195      -0.1138
      0.9271      -0.1138
      0.9271      -0.2005
      0.9347      -0.2005
      0.9347      -0.2699
      0.9422      -0.2699
      0.9574      -0.2699
      0.9649      -0.2005
      0.9649      -0.2699
      0.9725     -0.09648
      0.9725      -0.2005
      0.9801     0.007588
      0.9801     -0.09648
      0.9876        0.129
      0.9876     0.007588
      0.9952       0.2331
      0.9952        0.129
       1.003       0.3024
       1.003       0.2331
        1.01       0.3024
       1.018       0.3545
       1.025       0.2851
       1.033       0.2851
       1.033       0.2157
       1.048       0.1463
       1.048      0.05962
       1.056      0.07696
       1.056    -0.009756
       1.063    -0.009756
       1.063     -0.09648
       1.071     -0.09648
       1.071      -0.1485
       1.078      -0.1485
       1.078      -0.2179
       1.086      -0.2179
       1.086      -0.2699
       1.094      -0.2699
       1.094       -0.322
       1.101       -0.322
       1.116      -0.3393
       1.131      -0.2873
       1.131       -0.322
       1.146      -0.2179
       1.154      -0.1312
       1.154      -0.2179
       1.162    -0.009756
       1.162      -0.1312
       1.169        0.129
       1.169    -0.009756
       1.177       0.2851
       1.177        0.129
       1.184       0.4065
       1.184       0.2851
       1.192       0.5279
       1.192       0.4065
       1.199       0.5973
       1.199       0.5279
       1.207        0.632
       1.207       0.5973
       1.222       0.6146
       1.222       0.5626
       1.245       0.4065
       1.245       0.3371
       1.252       0.2504
        1.26       0.2504
        1.26       0.1637
       1.267       0.1637
       1.267      0.07696
       1.275      -0.0271
       1.283      -0.0271
       1.283      -0.1485
        1.29      -0.1485
        1.29      -0.2352
       1.298      -0.2352
       1.298      -0.3046
       1.305      -0.3046
       1.305      -0.3566
       1.328      -0.3566
       1.328      -0.3913
       1.336      -0.2873
       1.336      -0.3566
       1.343      -0.1832
       1.343      -0.2873
       1.351     -0.06179
       1.351      -0.1832
       1.358     -0.06179
       1.366        0.129
       1.366      0.02493
       1.373        0.129
       1.389       0.2157
       1.396       0.2504
       1.426       0.2157
       1.449       0.1463
       1.449      0.07696
       1.457      0.02493
       1.464      0.02493
       1.464     -0.04444
       1.472     -0.04444
       1.472     -0.09648
       1.479     -0.09648
       1.479      -0.1485
       1.487      -0.1485
       1.487      -0.1832
        1.51      -0.1485
       1.517     -0.07913
       1.517      -0.1485
       1.525    -0.009756
       1.525     -0.07913
       1.532      0.05962
       1.532    -0.009756
       1.547      0.09431
       1.555       0.1637
       1.555        0.129
       1.562       0.1637
         1.6       0.1637
       1.615       0.1117
       1.615      0.05962
       1.623      0.05962
       1.623     0.007588
       1.631     0.007588
       1.646      -0.1138
       1.653      -0.1138
       1.661      -0.1485
       1.661      -0.1832
       1.676      -0.1659
       1.691     -0.09648
       1.699     -0.06179
       1.706     0.007588
       1.706     -0.06179
       1.714      0.07696
       1.714     0.007588
       1.721       0.1463
       1.721      0.07696
       1.729       0.1463
       1.752       0.1637
       1.752        0.129
       1.759      0.09431
       1.767      0.05962
       1.774     0.007588
       1.782     -0.04444
       1.789     -0.09648
       1.797     -0.09648
       1.812      -0.1832
        1.82      -0.1659
        1.85      -0.2179
       1.857      -0.1659
       1.865     -0.07913
       1.865      -0.1659
       1.873      0.02493
       1.873     -0.07913
        1.88       0.1637
        1.88      0.02493
       1.888       0.2504
       1.888       0.1637
       1.895       0.3371
       1.895       0.2504
       1.903       0.4065
       1.903       0.3371
        1.91       0.4585
        1.91       0.4065
       1.926       0.4585
       1.941       0.3371
       1.948       0.2331
       1.956       0.1117
       1.963       0.1117
       1.963     0.007588
       1.971     0.007588
       1.971     -0.07913
       1.979     -0.07913
       1.979      -0.1485
       1.986      -0.2179
       1.994      -0.2179
       1.994      -0.2699
       2.001      -0.2699
       2.009      -0.2873
       2.054      -0.1312
       2.062     -0.04444
       2.062      -0.1312
       2.069      0.07696
       2.069     -0.04444
       2.077       0.1984
       2.077      0.07696
       2.084       0.3024
       2.084       0.1984
       2.092       0.3892
       2.092       0.3024
         2.1       0.3892
       2.107       0.4412
       2.122       0.3371
        2.13       0.3371
        2.13       0.2678
       2.137       0.2678
       2.137       0.1984
       2.145       0.1984
       2.145        0.129
       2.152        0.129
       2.152      0.05962
        2.16      0.05962
       2.175    -0.009756
        2.19     -0.04444
       2.213      -0.1138
       2.228      -0.1312
       2.243    -0.009756
       2.243     -0.07913
       2.251      0.07696
       2.251    -0.009756
       2.258       0.1637
       2.258      0.07696
       2.266       0.2331
       2.266       0.1637
       2.274       0.2851
       2.274       0.2331
       2.281       0.3198
       2.289       0.3371
       2.304       0.3371
       2.319       0.2678
       2.326       0.2331
       2.334       0.2331
       2.334       0.1637
       2.342       0.1637
       2.342      0.07696
       2.349      0.07696
       2.349      -0.0271
       2.357    -0.009756
       2.357     -0.09648
       2.364     -0.09648
       2.364      -0.2005
       2.372      -0.2005
       2.372      -0.2699
       2.379      -0.2699
       2.379      -0.3393
       2.402      -0.3046
        2.41      -0.2352
        2.41      -0.3046
       2.417      -0.1659
       2.417      -0.2352
       2.425     -0.07913
       2.425      -0.1659
       2.432     0.007588
       2.432     -0.07913
       2.447        0.181
       2.447      0.09431
       2.455        0.181
       2.463       0.2331
        2.47       0.2851
       2.485       0.3198
       2.493       0.3024
       2.493       0.2504
         2.5       0.2504
         2.5       0.1984
       2.516       0.1117
       2.523      0.05962
       2.538      0.02493
       2.538      -0.0271
       2.546     -0.06179
       2.553      -0.1138
       2.561      -0.1138
       2.561      -0.1832
       2.569      -0.1832
       2.569      -0.2526
       2.576      -0.2526
       2.584      -0.3566
       2.599       -0.374
       2.621       -0.374
       2.629      -0.2873
       2.629      -0.3913
       2.644      -0.0271
       2.644      -0.1659
       2.652        0.129
       2.652      -0.0271
       2.659       0.2331
       2.659        0.129
       2.667       0.3024
       2.667       0.2331
       2.674       0.3024
       2.682       0.3371
       2.697       0.3545
       2.712       0.3371
       2.727       0.3024
       2.735       0.2678
       2.735       0.1984
       2.742       0.1984
       2.742        0.129
        2.75      0.05962
       2.758    -0.009756
       2.765     0.007588
       2.765     -0.06179
       2.773     -0.06179
       2.773      -0.1312
        2.78      -0.1312
        2.78      -0.1832
       2.788      -0.1832
       2.795      -0.2005
       2.811      -0.2005
       2.826      -0.2005
       2.833      -0.1138
       2.833      -0.2005
       2.848        0.181
       2.848      0.02493
       2.856       0.3198
       2.856        0.181
       2.864       0.4585
       2.864       0.3198
       2.871       0.5106
       2.871       0.4412
       2.879       0.5279
       2.886       0.5106
       2.886       0.4585
       2.894       0.4585
       2.894       0.3718
       2.901       0.2678
       2.909       0.2678
       2.909       0.1637
       2.916       0.1637
       2.916      0.07696
       2.924      0.07696
       2.924     0.007588
       2.932     0.007588
       2.932     -0.06179
       2.939     -0.06179
       2.939      -0.1138
       2.947      -0.1138
       2.992      -0.2005
       3.015      -0.1659
        3.03      -0.1485
       3.045     -0.04444
       3.053       0.1637
        3.06       0.2678
        3.06       0.1463
       3.068       0.3545
       3.068       0.2678
       3.075       0.3892
       3.075       0.3371
        3.09       0.3892
       3.106       0.2851
       3.113       0.2504
       3.121       0.2157
       3.128       0.2157
       3.136        0.181
       3.151      0.05962
       3.166      -0.0271
       3.174      -0.0271
       3.174     -0.07913
       3.189      -0.1138
       3.189      -0.1659
       3.196      -0.2005
       3.211      -0.2005
       3.219      -0.1485
       3.227     -0.06179
       3.227      -0.1485
       3.242      0.02493
       3.249      0.09431
       3.257       0.1463
       3.272       0.1637
        3.28       0.1117
       3.287      0.07696
       3.302      0.05962
       3.378     -0.09648
       3.385      -0.1832
       3.393      -0.1832
       3.416      -0.2352
       3.423      -0.1659
       3.423      -0.2352
       3.431     -0.06179
       3.431      -0.1659
       3.446      0.09431
       3.446      0.02493
       3.454       0.1637
       3.454      0.09431
       3.461       0.2157
       3.461       0.1637
       3.476       0.2504
       3.491       0.2504
       3.506       0.2331
       3.522       0.1984
       3.552      0.09431
       3.559      0.05962
       3.559     0.007588
       3.567      -0.0271
       3.575      -0.0271
        3.59    -0.009756
       3.612       0.1117
        3.65        0.181
       3.658       0.2157
        3.68        0.181
       3.688       0.1984
       3.703        0.129
       3.711        0.129
       3.711      0.05962
       3.718      0.05962
       3.718      -0.0271
       3.726      -0.0271
       3.726      -0.1138
       3.733      -0.1138
       3.733      -0.2005
       3.741      -0.2873
       3.764      -0.2873
       3.771      -0.2179
       3.771      -0.2873
       3.779      -0.1312
       3.779      -0.2179
       3.786     -0.04444
       3.786      -0.1312
       3.794     0.007588
       3.794     -0.04444
       3.801     0.007588
       3.809       0.1117
       3.817        0.181
       3.817      0.09431
       3.824       0.2678
       3.824        0.181
       3.832       0.3371
       3.832       0.2678
       3.854       0.4238
       3.862       0.4412
       3.862       0.4065
        3.87       0.4065
        3.87       0.3371
       3.877       0.2157
       3.885       0.2331
       3.885      0.09431
       3.892      0.09431
       3.892     -0.04444
         3.9     -0.04444
         3.9      -0.1659
       3.907      -0.1485
       3.907      -0.2526
       3.915      -0.2526
       3.915       -0.322
       3.922       -0.322
       3.922      -0.3913
        3.93      -0.4434
       3.945      -0.4434
       3.953       -0.374
       3.953      -0.4434
        3.96      -0.2699
        3.96       -0.374
       3.968      -0.1659
       3.968      -0.2699
       3.975     -0.09648
       3.975      -0.1659
       3.983      -0.0271
       3.983     -0.09648
       3.991      -0.0271
       3.998      0.07696
       4.006        0.129
       4.013       0.2157
       4.013        0.129
       4.021       0.2157
       4.028       0.2678
       4.043       0.2851
       4.051       0.2157
       4.059       0.2157
       4.059       0.1463
       4.074     -0.04444
       4.081     -0.04444
       4.081      -0.1485
       4.089      -0.1485
       4.089      -0.2352
       4.096      -0.2352
       4.096      -0.2873
       4.104      -0.2873
       4.119      -0.3046
       4.127      -0.2699
       4.134      -0.2005
       4.134      -0.2699
       4.142     -0.09648
       4.142      -0.2005
       4.149     0.007588
       4.149      -0.1138
       4.157       0.1117
       4.157    -0.009756
       4.165       0.2331
       4.165       0.1117
       4.172       0.3198
       4.172       0.2331
        4.18       0.3198
       4.187       0.3718
       4.202       0.3371
        4.21       0.3371
        4.21       0.2851
       4.217       0.2851
       4.233       0.2157
       4.248        0.181
       4.248       0.1463
       4.255       0.1463
       4.255      0.09431
       4.263     0.007588
        4.27     0.007588
        4.27     -0.07913
       4.293      -0.1138
       4.331     0.007588
       4.346        0.129
       4.346      0.07696
       4.354        0.181
       4.354        0.129
       4.361       0.2331
       4.361        0.181
       4.369       0.2331
       4.376       0.2678
       4.391       0.2504
       4.399       0.2157
       4.407       0.2157
       4.407       0.1463
       4.414       0.1463
       4.414      0.07696
       4.422      0.07696
       4.444      -0.0271
       4.452     -0.04444
       4.467      -0.1312
       4.467      -0.2005
       4.475      -0.2526
        4.49      -0.2699
       4.505      -0.2352
       4.512      -0.2005
        4.52      -0.1485
        4.52      -0.2005
       4.528     -0.07913
       4.528      -0.1485
       4.535    -0.009756
       4.535     -0.07913
       4.543      0.05962
       4.543    -0.009756
        4.55        0.129
        4.55      0.05962
       4.558        0.181
       4.558        0.129
       4.565        0.181
       4.573       0.2504
       4.588       0.2851
       4.603       0.3024
       4.618       0.2504
       4.641        0.181
       4.641        0.129
       4.649        0.129
       4.656     -0.04444
       4.664     -0.04444
       4.679      -0.1485
       4.686      -0.1832
       4.717      -0.1485
       4.724      -0.1138
       4.732     -0.06179
       4.732      -0.1138
       4.739    -0.009756
       4.739     -0.06179
       4.747      0.05962
       4.747    -0.009756
       4.755       0.1117
       4.762        0.181
       4.762       0.1117
        4.77       0.2504
        4.77        0.181
       4.785       0.2851
         4.8       0.2851
         4.8       0.2504
       4.815       0.1637
       4.823       0.1637
       4.823       0.1117
        4.83       0.1117
       4.845      -0.0271
        4.86     -0.09648
       4.891      -0.1138
       4.913      -0.1312
       4.928      -0.1312
       4.936     -0.06179
       4.944     0.007588
       4.944     -0.06179
       4.951      0.07696
       4.951    -0.009756
       4.959       0.1637
       4.959      0.07696
       4.966       0.2331
       4.966       0.1637
       4.974       0.3024
       4.974       0.2331
       4.981       0.3371
       5.004       0.2851
       5.012       0.2157
       5.019       0.2157
       5.019       0.1463
       5.027       0.1463
       5.027      0.09431
       5.042     0.007588
       5.065     -0.04444
       5.087      -0.1138
        5.11      -0.1138
       5.155     -0.07913
       5.163     -0.04444
       5.186      0.07696
       5.216      0.02493
       5.231    -0.009756
       5.261      0.02493
       5.269      0.02493
       5.299     -0.07913
       5.307     -0.06179
       5.329      0.02493
       5.329      -0.0271
       5.337      0.07696
       5.345       0.1463
       5.345      0.07696
       5.352       0.1984
       5.352       0.1463
        5.36       0.2504
        5.36       0.1984
       5.367       0.3024
       5.367       0.2504
       5.397       0.3545
       5.397       0.3198
       5.405       0.2678
       5.413       0.2157
        5.42       0.2157
        5.42       0.1463
       5.428       0.1463
       5.428      0.07696
       5.443    -0.009756
       5.458     -0.06179
       5.466     -0.07913
       5.488      -0.1138
       5.488      -0.1485
       5.496      -0.1832
       5.503      -0.1832
       5.518      -0.1485
       5.526     -0.07913
       5.526      -0.1485
       5.534    -0.009756
       5.534     -0.07913
       5.541      0.05962
       5.541    -0.009756
       5.549       0.1117
       5.549      0.05962
       5.556       0.1117
       5.564        0.181
       5.564       0.1463
       5.579       0.1984
       5.587       0.2331
       5.602       0.1984
       5.609       0.1637
       5.617        0.129
        5.64       0.1117
        5.64      0.07696
       5.647      0.07696
       5.647      0.02493
       5.655      0.02493
       5.655      -0.0271
       5.662      -0.0271
       5.662     -0.07913
        5.67     -0.07913
        5.67      -0.1138
       5.685      -0.1312
       5.692      -0.1832
       5.723      -0.1312
        5.73     -0.07913
        5.73      -0.1312
       5.738      -0.0271
       5.738     -0.07913
       5.745     0.007588
       5.753      0.05962
       5.753     0.007588
       5.761      0.05962
       5.768        0.181
       5.776       0.2157
       5.776        0.181
       5.783       0.2331
       5.798       0.1984
       5.806       0.1637
       5.821       0.1637
       5.829       0.1637
       5.859      0.05962
       5.897      0.02493
       5.912      0.02493
       5.927      0.02493
       5.942     0.007588
       5.957    -0.009756
       5.972     0.007588
       5.995    -0.009756
        6.01      -0.0271
       6.018     -0.04444
        6.04     0.007588
       6.063     0.007588
       6.078    -0.009756
       6.086     -0.04444
       6.093     -0.07913
       6.101      -0.1485
       6.116      -0.2005
       6.124      -0.2005
       6.124      -0.2699
       6.131      -0.2699
       6.131      -0.3393
       6.139      -0.3393
       6.139       -0.374
       6.146       -0.322
       6.154      -0.2352
       6.154       -0.322
       6.161      -0.1312
       6.161      -0.2352
       6.169    -0.009756
       6.169      -0.1312
       6.177      0.07696
       6.177    -0.009756
       6.184       0.1463
       6.184      0.07696
       6.192       0.1463
       6.199       0.2504
        6.26       0.2504
        6.26       0.2157
       6.275       0.1984
        6.29       0.1117
       6.298      0.05962
       6.305      0.05962
       6.305      -0.0271
       6.313      -0.1312
        6.32      -0.1312
        6.32      -0.2352
       6.328      -0.2352
       6.343      -0.3046
       6.351      -0.2352
       6.351      -0.3046
       6.358      -0.2352
       6.373     -0.07913
       6.381    -0.009756
       6.381     -0.07913
       6.388      0.07696
       6.388    -0.009756
       6.396       0.1637
       6.396      0.07696
       6.403       0.2331
       6.403       0.1637
       6.411       0.2331
       6.419       0.2851
       6.441       0.2678
       6.449       0.2157
       6.464       0.1463
       6.472       0.1463
       6.472      0.09431
       6.479      0.09431
       6.479     0.007588
       6.487     0.007588
       6.487     -0.07913
       6.494     -0.07913
       6.494      -0.1659
       6.502      -0.2526
       6.509      -0.2526
       6.509      -0.3046
       6.525       -0.322
        6.54      -0.2352
        6.54      -0.3046
       6.547      -0.1659
       6.547      -0.2526
       6.555     -0.06179
       6.555      -0.1659
       6.562      0.02493
       6.562     -0.06179
        6.57       0.1117
        6.57      0.02493
       6.577       0.2157
       6.577       0.1117
       6.585       0.3198
       6.585       0.2157
       6.593       0.4065
       6.593       0.3198
         6.6       0.4065
       6.623       0.5106
       6.623       0.4759
        6.63       0.4759
        6.63       0.4238
       6.646       0.3718
       6.646       0.3024
       6.653       0.3024
       6.653       0.2331
       6.661       0.2331
       6.661        0.181
       6.676       0.1637
       6.676        0.129
       6.683        0.129
       6.683      0.05962
       6.691      0.05962
       6.691      -0.0271
       6.698      -0.1485
       6.706      -0.1485
       6.706      -0.2526
       6.714      -0.2526
       6.714      -0.3393
       6.721      -0.3393
       6.721      -0.4087
       6.729      -0.4087
       6.729      -0.4607
       6.736      -0.4607
       6.736      -0.4954
       6.759       -0.478
       6.759      -0.5127
       6.767       -0.478
       6.774      -0.3393
       6.782      -0.2526
       6.782      -0.3393
       6.789      -0.1485
       6.789      -0.2526
       6.797      -0.0271
       6.797      -0.1485
       6.804       0.1117
       6.804      -0.0271
       6.812       0.2504
       6.812       0.1117
        6.82       0.3718
        6.82       0.2504
       6.827       0.4759
       6.827       0.3718
       6.842       0.5799
        6.85       0.6667
        6.85        0.632
       6.865       0.6493
       6.865       0.5973
       6.872       0.5973
       6.872       0.5279
        6.88       0.5279
        6.88       0.4412
       6.888       0.4412
       6.888       0.3545
       6.895       0.3545
       6.895       0.2851
       6.903       0.2851
       6.903       0.2331
        6.91       0.2331
       6.918        0.129
       6.925        0.129
       6.925      0.05962
       6.933      0.05962
       6.933    -0.009756
       6.941    -0.009756
       6.948     -0.06179
       6.956      -0.0271
       6.978      -0.0271
       6.986     -0.06179
       7.009     -0.09648
       7.024     -0.07913
       7.054     -0.04444
       7.062    -0.009756
       7.069       0.1117
       7.077        0.181
       7.077       0.1117
       7.084       0.2678
       7.084        0.181
       7.092       0.3545
       7.092       0.2678
       7.099       0.3545
       7.107       0.3892
       7.115       0.3545
        7.13       0.3198
        7.13       0.2851
       7.175       0.2504
       7.183       0.2504
        7.19       0.1984
       7.198       0.1463
       7.205      0.07696
       7.213      0.09431
       7.213     0.007588
        7.22     0.007588
        7.22     -0.06179
       7.228      -0.1485
       7.243      -0.2179
       7.243      -0.2526
       7.266      -0.1832
       7.273      -0.1138
       7.273      -0.1832
       7.281     -0.06179
       7.281      -0.1312
       7.288     -0.06179
       7.304     0.007588
       7.326      0.07696
       7.349      0.07696
       7.379      0.02493
       7.394    -0.009756
       7.394     -0.07913
       7.402      -0.1659
        7.41      -0.2873
       7.417      -0.2873
       7.417       -0.374
       7.425       -0.374
       7.447       -0.374
       7.455      -0.3393
       7.462      -0.2873
        7.47      -0.2352
       7.478      -0.1485
       7.478      -0.2352
       7.485     -0.07913
       7.485      -0.1485
       7.493    -0.009756
       7.493     -0.07913
         7.5    -0.009756
       7.523        0.129
       7.538       0.1117
       7.583     0.007588
       7.591      -0.0271
       7.599      -0.0271
       7.599     -0.07913
       7.614      -0.1138
       7.614      -0.1659
       7.621      -0.2005
       7.629      -0.2526
       7.652      -0.3046
       7.667      -0.2699
       7.674      -0.1832
       7.674      -0.2699
       7.682     -0.07913
       7.682      -0.1832
       7.689      0.02493
       7.689     -0.07913
       7.697       0.1463
       7.697      0.02493
       7.705       0.2851
       7.705       0.1463
       7.712       0.4065
       7.712       0.2851
        7.72       0.4065
       7.727       0.5453
       7.742       0.5453
       7.757       0.4412
       7.757       0.3718
       7.765       0.2851
       7.773       0.2851
       7.773       0.2157
        7.78       0.2157
        7.78       0.1463
       7.795      0.05962
       7.841      -0.0271
       7.841     -0.09648
       7.848      -0.1659
       7.856      -0.1659
       7.871      -0.2699
       7.886      -0.1485
       7.886      -0.2352
       7.894     -0.06179
       7.894      -0.1485
       7.901      0.02493
       7.901     -0.06179
       7.909       0.1117
       7.909      0.02493
       7.916       0.1637
       7.916       0.1117
       7.931       0.1984
       7.947       0.2157
       7.962       0.1984
       7.969        0.181
       7.977       0.1463
       7.999       0.1463
       8.007      0.09431
       8.015      0.09431
       8.015      0.05962
       8.022      0.05962
       8.022      0.02493
       8.037    -0.009756
       8.045     -0.09648
       8.052     -0.09648
       8.052      -0.1485
        8.06      -0.1485
       8.121      -0.1659
       8.121      -0.2005
       8.136     -0.04444
       8.143     -0.04444
       8.151        0.129
       8.151      0.02493
       8.158       0.2157
       8.158        0.129
       8.166       0.2851
       8.166       0.2157
       8.173       0.3371
       8.173       0.2851
       8.204       0.2851
       8.226       0.2331
       8.226       0.1984
       8.242        0.181
       8.264       0.1117
       8.264      0.05962
       8.272    -0.009756
       8.279    -0.009756
       8.279     -0.09648
       8.287      -0.2005
       8.294      -0.2005
       8.294      -0.3046
       8.302      -0.3046
       8.302       -0.374
        8.31       -0.374
        8.31      -0.4087
       8.317      -0.3913
       8.325       -0.322
       8.325      -0.3913
       8.332      -0.2179
       8.332      -0.3393
        8.34     -0.09648
        8.34      -0.2179
       8.347      0.02493
       8.347     -0.09648
       8.355       0.1463
       8.355      0.02493
       8.363       0.2157
       8.363       0.1463
        8.37       0.2851
        8.37       0.2157
       8.378       0.2851
       8.385       0.3198
       8.393       0.3545
       8.408       0.2678
       8.416       0.2678
       8.416       0.2157
       8.423       0.2157
       8.438        0.129
       8.438      0.05962
       8.446    -0.009756
       8.453    -0.009756
       8.453     -0.07913
       8.461     -0.07913
       8.476      -0.2352
       8.484      -0.2352
       8.484      -0.2873
       8.491      -0.2873
       8.514      -0.2699
       8.521      -0.2005
       8.521      -0.2699
       8.529     -0.09648
       8.529      -0.2005
       8.537      0.02493
       8.537     -0.09648
       8.544       0.1463
       8.544      0.02493
       8.552       0.2504
       8.552       0.1463
       8.559       0.3198
       8.559       0.2504
       8.567       0.3892
       8.567       0.3198
       8.574       0.4412
       8.574       0.3892
       8.589       0.4585
       8.597       0.4759
       8.597       0.4412
       8.605       0.4412
       8.605       0.3892
       8.612       0.3892
       8.612       0.3198
        8.62       0.2331
       8.627       0.2331
       8.627       0.1463
       8.642      0.09431
       8.642    -0.009756
        8.65      -0.1312
       8.658      -0.1138
       8.658      -0.2352
       8.665      -0.2352
       8.665      -0.3393
       8.673      -0.3393
       8.673      -0.3913
        8.68      -0.3913
       8.711      -0.3046
       8.718      -0.2526
       8.718      -0.3046
       8.726      -0.1485
       8.726      -0.2526
       8.733     -0.04444
       8.733      -0.1485
       8.741      0.07696
       8.741     -0.04444
       8.748       0.1984
       8.748      0.07696
       8.756       0.3198
       8.756       0.1984
       8.763       0.4065
       8.763       0.3198
       8.771       0.3892
       8.786       0.4759
       8.801       0.4412
       8.801       0.4065
       8.809       0.3545
       8.816       0.3545
       8.816       0.2851
       8.824       0.2851
       8.824        0.181
       8.839      0.07696
       8.839    -0.009756
       8.847    -0.009756
       8.847     -0.09648
       8.854     -0.09648
       8.854      -0.1485
       8.862      -0.1485
       8.862      -0.2005
       8.869      -0.2005
       8.884      -0.2526
         8.9      -0.2526
       8.915      -0.1138
       8.922      -0.0271
       8.922      -0.1312
        8.93      0.05962
        8.93     -0.04444
       8.937       0.1463
       8.937      0.05962
       8.945       0.2331
       8.945       0.1463
       8.953       0.3024
       8.953       0.2331
