     0.01181       0.4757
     0.01937       0.3992
     0.02693       0.3418
     0.03449       0.2653
     0.04205       0.1888
      0.0496       0.1123
     0.05716      0.05493
     0.05716    -0.002446
     0.06472      -0.0407
     0.07228      -0.1555
     0.07984      -0.2511
      0.0874      -0.3276
     0.09496       -0.385
      0.1025      -0.4041
      0.1176       -0.385
      0.1252      -0.3276
      0.1327      -0.2702
      0.1403      -0.2128
      0.1479      -0.1746
      0.1554      -0.1172
       0.163     -0.05982
      0.1705      0.01668
      0.1781      0.09318
      0.1857       0.1506
      0.1932       0.1888
      0.2008       0.2462
      0.2083       0.2844
      0.2159       0.3227
      0.2235       0.3609
       0.231       0.3992
      0.2386       0.4566
      0.2537       0.4375
      0.2612       0.3609
      0.2688       0.2271
      0.2764      0.09318
      0.2764    -0.002446
      0.2839     -0.05982
      0.2915      -0.1746
       0.299      -0.2511
      0.3066      -0.2893
      0.3142      -0.3085
      0.3293      -0.2702
      0.3368       -0.232
      0.3444      -0.1746
       0.352      -0.1363
      0.3595     -0.07895
      0.3671      -0.0407
      0.3822    -0.002446
      0.3897    -0.002446
      0.4049    -0.002446
      0.4124    -0.002446
      0.4351      0.03581
      0.4427      0.01668
      0.4502     -0.02157
      0.4578     -0.09808
      0.4653      -0.1555
      0.4729      -0.2128
      0.4804      -0.2511
       0.488      -0.2702
      0.5031      -0.2702
      0.5107      -0.1937
      0.5182     -0.07895
      0.5258      0.03581
      0.5334       0.1314
      0.5409       0.2079
      0.5485       0.2653
       0.556       0.2844
      0.5712       0.2844
      0.5787       0.2844
      0.5938       0.2462
      0.6014       0.2462
      0.6089       0.2653
      0.6241       0.2653
      0.6316       0.2271
      0.6392       0.1697
      0.6467       0.1314
      0.6543      0.09318
      0.6619      0.03581
      0.6694      -0.0407
       0.677     -0.09808
      0.6845      -0.1172
      0.6996      -0.1555
      0.7072      -0.1555
      0.7148      -0.1172
      0.7223     -0.09808
      0.7374      -0.0407
      0.7526      -0.0407
      0.7601     -0.02157
      0.7752      0.05493
      0.7828      0.07406
      0.7904       0.1123
      0.7979       0.1314
       0.813       0.1123
      0.8206      0.07406
      0.8281     -0.02157
      0.8357     -0.07895
      0.8433      -0.1746
      0.8508       -0.232
      0.8659       -0.232
      0.8735      -0.1937
      0.8811      -0.1555
      0.8886      -0.1172
      0.8962     -0.05982
      0.9037     -0.02157
      0.9113      0.05493
      0.9188       0.1123
      0.9264       0.1888
       0.934       0.2462
      0.9415       0.3227
      0.9491       0.3609
      0.9566       0.3418
      0.9642       0.2844
      0.9718       0.1697
      0.9793      0.07406
      0.9869     -0.02157
      0.9944     -0.05982
       1.002      -0.1172
        1.01      -0.1746
       1.017       -0.232
       1.025      -0.2702
        1.04      -0.2702
       1.047      -0.2128
       1.055      -0.1172
       1.062      -0.0407
        1.07      0.05493
        1.07    -0.002446
       1.078      0.07406
       1.085       0.1314
       1.093       0.1314
       1.108       0.1314
       1.115       0.1697
       1.123       0.1888
       1.138       0.1888
       1.146       0.1314
       1.153      0.07406
       1.161     -0.02157
       1.168      -0.0407
       1.183     -0.05982
       1.191      -0.0407
       1.199     -0.02157
       1.214    -0.002446
       1.221     -0.02157
       1.229     -0.07895
       1.236      -0.1363
       1.244      -0.1937
       1.259      -0.1937
       1.267      -0.1172
       1.274     -0.05982
       1.282     -0.02157
       1.304      0.01668
       1.312    -0.002446
       1.327     -0.02157
       1.335    -0.002446
       1.342      0.03581
        1.35      0.09318
       1.365      0.07406
       1.372      0.01668
        1.38      -0.0407
       1.395     -0.05982
       1.403     -0.02157
       1.418      0.05493
       1.425      0.09318
       1.433       0.1314
        1.44       0.1888
       1.456       0.1314
       1.463      0.07406
       1.471      0.03581
       1.478    -0.002446
       1.486    -0.002446
       1.493    -0.002446
       1.508     -0.05982
       1.516     -0.09808
       1.524      -0.1363
       1.531      -0.1555
       1.554      -0.1937
       1.561       -0.232
       1.576      -0.2702
       1.584      -0.2511
       1.592      -0.2128
       1.599      -0.1555
       1.607     -0.09808
       1.614     -0.05982
       1.629     -0.02157
       1.637      0.03581
       1.644       0.1123
       1.652       0.2079
        1.66       0.2844
       1.667       0.3609
       1.675       0.3992
        1.69       0.3801
       1.697       0.3801
       1.713       0.3418
        1.72       0.3036
       1.735       0.3227
       1.743       0.3609
        1.75       0.3992
       1.758       0.3801
       1.765       0.3036
       1.773       0.1697
       1.781      0.03581
       1.788     -0.07895
       1.796      -0.1363
       1.803      -0.1555
       1.811      -0.1937
       1.818      -0.2128
       1.826      -0.2511
       1.833      -0.2702
       1.849      -0.3085
       1.856      -0.2893
       1.871      -0.2893
       1.879      -0.2893
       1.886      -0.2511
       1.901      -0.2128
       1.909      -0.1937
       1.917      -0.1555
       1.924     -0.07895
       1.932      0.03581
       1.932     -0.02157
       1.939      0.07406
       1.947       0.1314
       1.954       0.1888
       1.962       0.2271
       1.977       0.2844
       1.985       0.3036
           2       0.3036
       2.007       0.3036
       2.015       0.3036
       2.022       0.2653
        2.03       0.1888
       2.038      0.09318
       2.038    -0.002446
       2.045     -0.07895
       2.053      -0.2128
        2.06      -0.2893
       2.075      -0.2702
       2.083      -0.2128
        2.09      -0.1746
       2.098      -0.1363
       2.113      -0.1172
       2.121      -0.1172
       2.128     -0.09808
       2.151     -0.07895
       2.158      -0.0407
       2.166      0.01668
       2.174      0.09318
       2.181       0.1697
       2.189       0.2271
       2.196       0.2653
       2.211       0.3036
       2.219       0.2462
       2.234       0.1888
       2.242       0.1888
       2.257       0.1506
       2.264       0.1314
       2.279      0.09318
       2.287      0.05493
       2.295      -0.0407
       2.302      -0.1172
        2.31      -0.1746
       2.317       -0.232
       2.325      -0.2511
        2.34      -0.2702
       2.347       -0.232
       2.355      -0.1937
       2.363      -0.1363
        2.37     -0.07895
       2.378     -0.02157
       2.385      0.01668
       2.393      0.07406
       2.408       0.1314
       2.415       0.1697
       2.423       0.2271
       2.431       0.2844
       2.438       0.3227
       2.453       0.3227
       2.461       0.2844
       2.468       0.2079
       2.476       0.1314
       2.483      0.07406
       2.491      0.03581
       2.499    -0.002446
       2.506      -0.0407
       2.514     -0.07895
       2.521      -0.1172
       2.529      -0.1555
       2.536      -0.1746
       2.552      -0.1937
       2.559      -0.1746
       2.567      -0.1363
       2.574     -0.07895
       2.582      -0.0407
       2.589     -0.02157
       2.604     -0.02157
        2.62    -0.002446
       2.627    -0.002446
       2.642    -0.002446
        2.65    -0.002446
       2.665    -0.002446
        2.68     -0.05982
       2.688     -0.07895
       2.695     -0.05982
       2.703      0.03581
       2.703     -0.02157
        2.71      0.09318
       2.718       0.1697
       2.725       0.2462
       2.733       0.2844
       2.748       0.3036
       2.763       0.2653
       2.771       0.2271
       2.778       0.1697
       2.786      0.09318
       2.793      0.05493
       2.793    -0.002446
       2.801      -0.0407
       2.809      -0.1172
       2.816      -0.2128
       2.824      -0.2893
       2.831      -0.3658
       2.839       -0.385
       2.854      -0.3658
       2.861      -0.3276
       2.869      -0.2702
       2.877      -0.1746
       2.884     -0.07895
       2.892      0.01668
       2.899      0.07406
       2.907      0.09318
       2.914      0.05493
       2.922      0.01668
       2.929    -0.002446
       2.945    -0.002446
       2.952    -0.002446
        2.96    -0.002446
       2.967      -0.0407
       2.975      -0.1172
       2.982      -0.1746
        2.99      -0.2128
       3.005       -0.232
       3.013      -0.1746
        3.02     -0.09808
       3.028      -0.0407
       3.035      0.07406
       3.043       0.1314
        3.05       0.1888
       3.058       0.2271
       3.073       0.2462
       3.081       0.2462
       3.096       0.2271
       3.103       0.1888
       3.111       0.1506
       3.118       0.1123
       3.134      0.07406
       3.141      0.03581
       3.149      -0.0407
       3.156      -0.1363
       3.164      -0.1746
       3.179      -0.1363
       3.186      -0.0407
       3.194      0.07406
       3.194    -0.002446
       3.202       0.1314
       3.209       0.1697
       3.217       0.2079
       3.224       0.2462
       3.232       0.2653
       3.247       0.2844
       3.254       0.2462
       3.262       0.1697
        3.27      0.09318
       3.277      0.03581
       3.285      -0.0407
       3.292     -0.09808
         3.3      -0.1363
       3.307      -0.1746
       3.315      -0.2128
       3.323       -0.232
       3.338       -0.232
       3.345      -0.1746
       3.353      -0.1172
        3.36     -0.05982
       3.368      0.03581
       3.375       0.1123
       3.383       0.1888
       3.391       0.2271
       3.398       0.2653
       3.413       0.2079
       3.421       0.1506
       3.428      0.07406
       3.428    -0.002446
       3.436     -0.05982
       3.443      -0.1937
       3.451      -0.3085
       3.459      -0.3658
       3.466      -0.3658
       3.474      -0.3085
       3.481      -0.2128
       3.489      -0.1172
       3.496      -0.0407
       3.504      0.05493
       3.504    -0.002446
       3.511      0.07406
       3.527       0.1123
       3.534       0.1314
       3.549       0.1123
       3.564      0.07406
       3.572      0.05493
       3.579     -0.02157
       3.587     -0.07895
       3.595      -0.1363
       3.602      -0.1555
        3.61      -0.1555
       3.617      -0.1172
       3.625     -0.07895
       3.632     -0.02157
        3.64    -0.002446
       3.648      0.03581
       3.655      0.01668
       3.663     -0.02157
        3.67     -0.07895
       3.678     -0.09808
       3.693     -0.07895
         3.7      -0.0407
       3.708      0.01668
       3.716      0.09318
       3.723       0.1697
       3.731       0.2271
       3.738       0.2462
       3.746       0.2653
       3.761       0.2844
       3.768       0.3227
       3.784       0.3801
       3.791       0.3992
       3.799       0.3801
       3.806       0.3418
       3.814       0.2844
       3.821       0.2079
       3.829      0.09318
       3.836      0.03581
       3.836     -0.07895
       3.844       -0.232
       3.852       -0.385
       3.859      -0.4615
       3.867      -0.4423
       3.874      -0.3658
       3.882      -0.2702
       3.889      -0.1937
       3.897      -0.1363
       3.905     -0.07895
       3.912     -0.02157
       3.927    -0.002446
       3.935    -0.002446
        3.95      0.05493
       3.957      0.09318
       3.965       0.1314
       3.973       0.1888
        3.98       0.2462
       3.988       0.2844
       4.003       0.3227
        4.01       0.3227
       4.025       0.3036
       4.033       0.3036
       4.041       0.3036
       4.048       0.2462
       4.056       0.1506
       4.063      0.03581
       4.071     -0.09808
       4.078      -0.1746
       4.086      -0.2128
       4.093      -0.2511
       4.101      -0.2511
       4.116      -0.1937
       4.124      -0.1555
       4.131     -0.09808
       4.146     -0.02157
       4.154      0.05493
       4.154    -0.002446
       4.162       0.1123
       4.169       0.1506
       4.177       0.1697
       4.184       0.1314
       4.192      0.09318
       4.199      0.05493
       4.199    -0.002446
       4.207      -0.0407
       4.214     -0.09808
       4.222      -0.1363
       4.237      -0.1937
       4.245       -0.232
        4.26      -0.2893
       4.267      -0.2893
       4.275      -0.2511
       4.282      -0.1937
        4.29      -0.1363
       4.298      -0.0407
       4.305      0.05493
       4.305    -0.002446
       4.313       0.1123
        4.32       0.1697
       4.328       0.2079
       4.343       0.2653
        4.35       0.2844
       4.358       0.3036
       4.366       0.2462
       4.373       0.1314
       4.381      0.05493
       4.381     -0.05982
       4.388      -0.1746
       4.396      -0.2702
       4.403      -0.3467
       4.419      -0.3467
       4.426      -0.3085
       4.434      -0.2702
       4.441      -0.2128
       4.449      -0.1746
       4.456      -0.1172
       4.464     -0.05982
       4.471      0.03581
       4.471     -0.02157
       4.479      0.07406
       4.487       0.1314
       4.494       0.1697
       4.502       0.1888
       4.509       0.2653
       4.517       0.3609
       4.524       0.4375
       4.539       0.3992
       4.547       0.3036
       4.555       0.2079
       4.562       0.1123
        4.57      0.01668
       4.577     -0.07895
       4.585      -0.1937
       4.592      -0.3085
         4.6      -0.4232
       4.607      -0.4806
       4.615      -0.4806
       4.623      -0.4615
        4.63      -0.4041
       4.638      -0.3467
       4.645      -0.2702
       4.653      -0.1937
        4.66      -0.1172
       4.668      -0.0407
       4.676      0.01668
       4.683      0.09318
       4.691       0.1506
       4.698       0.2079
       4.706       0.2462
       4.721       0.2271
       4.728       0.2079
       4.744       0.1697
       4.751       0.1314
       4.759      0.09318
       4.766      0.05493
       4.774      0.05493
       4.781       0.1123
       4.789       0.1697
       4.796       0.2079
       4.812       0.2079
       4.819       0.1697
       4.827       0.1123
       4.834      0.09318
       4.849      0.09318
       4.857       0.1123
       4.872      0.07406
        4.88    -0.002446
       4.887     -0.09808
       4.895      -0.1937
       4.902      -0.2702
        4.91      -0.2702
       4.917       -0.232
       4.925      -0.1746
       4.932      -0.1363
       4.948     -0.09808
       4.955     -0.07895
       4.963     -0.05982
        4.97    -0.002446
       4.978      0.05493
       4.985      0.07406
       5.001       0.1506
       5.008       0.1697
       5.023       0.2271
       5.031       0.2271
       5.038       0.1888
       5.046       0.1506
       5.053       0.1123
       5.069      0.05493
       5.076      0.01668
       5.084     -0.02157
       5.091      -0.0407
       5.106     -0.02157
       5.114    -0.002446
       5.129      0.03581
       5.144      0.03581
       5.152    -0.002446
       5.159     -0.05982
       5.167      -0.1363
       5.174      -0.1937
       5.182       -0.232
       5.189       -0.232
       5.205      -0.1746
       5.212      -0.1172
        5.22      -0.0407
       5.227      0.07406
       5.227    -0.002446
       5.235       0.1314
       5.242       0.2079
        5.25       0.2462
       5.265       0.2462
       5.273       0.2271
        5.28       0.2271
       5.295       0.1888
       5.303       0.1506
       5.318       0.1123
       5.326       0.1123
       5.341      0.07406
       5.348      0.01668
       5.356     -0.05982
       5.363      -0.1172
       5.371      -0.1555
       5.378      -0.1937
       5.386      -0.1746
       5.394      -0.1555
       5.409     -0.09808
       5.416      -0.1172
       5.424      -0.1363
       5.431      -0.1746
       5.439      -0.2128
       5.446      -0.2511
       5.454      -0.2702
       5.469      -0.2511
       5.477      -0.1937
       5.484      -0.1172
       5.492     -0.05982
       5.499     -0.02157
       5.507      0.05493
       5.515       0.1123
       5.522       0.1697
        5.53       0.2271
       5.537       0.2653
       5.545       0.2653
       5.552       0.2079
       5.567       0.1697
       5.575       0.1506
       5.583       0.1123
        5.59      0.05493
       5.598    -0.002446
       5.613     -0.05982
        5.62     -0.05982
       5.628     -0.05982
       5.643     -0.07895
       5.651      -0.0407
       5.658      0.03581
       5.666       0.1314
       5.673       0.1888
       5.688       0.1506
       5.696      0.09318
       5.703      0.05493
       5.711    -0.002446
       5.719    -0.002446
       5.741      0.03581
       5.749      0.05493
       5.764      0.09318
       5.772       0.1314
       5.787       0.1506
       5.794       0.1697
       5.809       0.1888
       5.817       0.1888
       5.824       0.1506
       5.832      0.07406
        5.84      0.03581
        5.84    -0.002446
       5.847     -0.05982
       5.855     -0.09808
       5.862      -0.1172
       5.877     -0.09808
       5.885     -0.05982
       5.892     -0.02157
         5.9      0.05493
       5.908      0.09318
       5.923       0.1123
       5.938      0.05493
       5.953      0.03581
       5.968      0.07406
       5.991      -0.0407
       5.998     -0.09808
       6.006      -0.1172
       6.021      -0.1172
       6.029     -0.09808
       6.044     -0.09808
       6.051      -0.1172
       6.066      -0.1363
       6.074      -0.1363
       6.089     -0.07895
       6.097     -0.05982
       6.104     -0.02157
       6.112      0.05493
       6.127      0.09318
       6.142      0.05493
       6.157    -0.002446
       6.165    -0.002446
       6.172    -0.002446
       6.187      -0.0407
       6.195     -0.02157
        6.21    -0.002446
       6.217      0.05493
       6.233      0.07406
        6.24      0.07406
       6.248    -0.002446
       6.255     -0.02157
       6.263     -0.05982
        6.27     -0.09808
       6.285      -0.1555
       6.301      -0.2128
       6.308      -0.2128
       6.316      -0.1937
       6.331      -0.1555
       6.338      -0.1363
       6.346     -0.09808
       6.354      -0.0407
       6.361    -0.002446
       6.369      0.05493
       6.376      0.09318
       6.384       0.1314
       6.399       0.1506
       6.406       0.1506
       6.422      0.09318
       6.429      0.05493
       6.437     -0.02157
       6.444     -0.05982
       6.452     -0.09808
       6.467      -0.1172
       6.474      -0.1172
       6.482     -0.07895
       6.497      -0.0407
       6.505     -0.02157
        6.52    -0.002446
       6.527      0.01668
       6.535      0.07406
       6.542       0.1123
        6.55       0.1697
       6.558       0.2079
       6.573       0.2271
        6.58       0.2271
       6.588       0.1888
       6.595       0.1314
       6.603      0.07406
       6.603    -0.002446
       6.611      -0.0407
       6.618      -0.1172
       6.626      -0.1555
       6.641      -0.1363
       6.656      -0.1363
       6.663      -0.1172
       6.671     -0.07895
       6.679     -0.02157
       6.686      0.05493
       6.694      0.09318
       6.701       0.1123
       6.716       0.1123
       6.731       0.1314
       6.739       0.1506
       6.747       0.1888
       6.762       0.2271
       6.769       0.2079
       6.784       0.1506
       6.799       0.1123
       6.807       0.1314
       6.815       0.1697
       6.822       0.2653
        6.83       0.3227
       6.837       0.3609
       6.845       0.3609
        6.86       0.3227
       6.868       0.2844
       6.875       0.2271
       6.883       0.1506
        6.89      0.07406
       6.898      -0.0407
       6.905     -0.09808
       6.913      -0.1363
       6.928      -0.1555
       6.943      -0.1746
       6.951      -0.2128
       6.958      -0.2702
       6.966      -0.3276
       6.981      -0.3276
       6.988      -0.2702
       6.996       -0.232
       7.004      -0.1937
       7.019      -0.1937
       7.026      -0.1746
       7.041      -0.1363
       7.049      -0.1363
       7.064     -0.09808
       7.079     -0.07895
       7.087     -0.07895
       7.102     -0.07895
       7.109     -0.05982
       7.125     -0.02157
       7.132      0.05493
        7.14       0.1314
       7.147       0.2079
       7.155       0.2462
        7.17       0.2462
       7.177       0.1888
       7.185       0.1123
       7.193      0.05493
         7.2     -0.02157
       7.208     -0.05982
       7.223      -0.1172
        7.23      -0.1555
       7.238      -0.1937
       7.245       -0.232
       7.261      -0.2128
       7.268      -0.1555
       7.276     -0.07895
       7.283      0.01668
       7.291       0.1123
       7.298       0.2271
       7.306       0.3036
       7.313       0.3609
       7.329       0.3418
       7.336       0.2844
       7.344       0.2271
       7.351       0.1697
       7.359       0.1506
       7.374       0.1123
       7.382      0.09318
       7.397      0.05493
       7.404      0.05493
       7.419      0.05493
       7.434      0.01668
       7.442    -0.002446
       7.457      0.03581
       7.472      0.07406
        7.48      0.09318
       7.487      0.05493
       7.495      -0.0407
       7.502      -0.1172
        7.51      -0.1746
       7.518      -0.2128
       7.525       -0.232
        7.54      -0.1937
       7.555      -0.1555
       7.563      -0.1363
       7.578      -0.1363
       7.586      -0.1363
       7.601     -0.07895
       7.608      -0.0407
       7.616      0.05493
       7.616    -0.002446
       7.623      0.09318
       7.631       0.1506
       7.638       0.1506
       7.646      0.09318
       7.654      0.01668
       7.661      -0.0407
       7.676     -0.05982
       7.684     -0.02157
       7.691      0.03581
       7.699      0.09318
       7.707       0.1314
       7.714       0.1697
       7.729       0.2271
       7.737       0.2271
       7.752       0.2271
       7.759       0.1888
       7.767       0.1123
       7.775    -0.002446
       7.782      -0.1172
        7.79      -0.2128
       7.797      -0.2893
       7.805      -0.3085
        7.82      -0.3276
       7.827      -0.3085
       7.835      -0.2702
       7.843      -0.1937
        7.85     -0.09808
       7.858      0.05493
       7.858     -0.02157
       7.865      0.09318
       7.873       0.1888
        7.88       0.2653
       7.888       0.3418
       7.895       0.3801
       7.911       0.3992
       7.918       0.3992
       7.933       0.3227
       7.941       0.2462
       7.948       0.1506
       7.956      0.01668
       7.964     -0.05982
       7.971      -0.1172
       7.979      -0.1363
       7.986      -0.1363
       8.001      -0.1555
       8.009      -0.1555
       8.024      -0.1363
       8.032      -0.1363
       8.039     -0.09808
       8.047     -0.07895
       8.054     -0.02157
       8.062      0.09318
       8.069       0.1697
       8.077       0.2462
       8.084       0.2462
       8.092       0.1506
         8.1    -0.002446
       8.107      -0.1555
       8.115      -0.2702
       8.122      -0.3467
       8.137      -0.4041
       8.145       -0.385
       8.152      -0.3658
        8.16      -0.3085
       8.168      -0.2511
       8.175      -0.1746
       8.183     -0.07895
        8.19      0.05493
        8.19     -0.02157
       8.198      0.09318
       8.205       0.1697
       8.213       0.2079
       8.221       0.2079
       8.228       0.1697
       8.236       0.1314
       8.243       0.1314
       8.251       0.1697
       8.258       0.2079
       8.266       0.2462
       8.281       0.2653
       8.289       0.2844
       8.304       0.2653
       8.311       0.2462
       8.319       0.1888
       8.326       0.1506
       8.334       0.1314
       8.349       0.1123
       8.357      0.07406
       8.364    -0.002446
       8.372     -0.05982
       8.379      -0.1555
       8.387       -0.232
       8.394      -0.2702
       8.402      -0.3085
       8.417      -0.3467
       8.425      -0.3658
        8.44      -0.3085
       8.447      -0.2128
       8.455      -0.1172
       8.462      0.05493
       8.462     -0.02157
        8.47      0.09318
       8.478       0.2079
       8.485       0.2844
       8.493       0.3418
         8.5       0.3992
       8.515       0.4183
       8.523       0.3801
        8.53       0.3036
       8.538       0.2079
       8.546       0.1123
       8.553    -0.002446
       8.561     -0.09808
       8.568      -0.2128
       8.576      -0.3085
       8.583       -0.385
       8.598       -0.385
       8.606      -0.3467
       8.614      -0.2702
       8.621      -0.1555
       8.629      0.03581
       8.629     -0.05982
       8.636       0.1123
       8.644       0.2271
       8.651       0.3418
       8.659       0.4183
       8.666       0.4566
       8.674       0.4375
       8.682       0.3418
       8.689       0.2271
       8.697       0.1506
       8.704      0.07406
       8.712     -0.02157
       8.719     -0.09808
       8.727      -0.1937
       8.735      -0.2702
       8.742      -0.3085
       8.757      -0.2702
       8.765      -0.2128
       8.772      -0.1172
        8.78      -0.0407
       8.787      0.05493
       8.787    -0.002446
       8.795       0.1123
       8.803       0.1506
        8.81       0.2079
       8.825       0.2271
       8.833       0.2462
       8.848       0.2653
       8.863       0.2844
       8.871       0.2653
       8.878       0.2079
       8.886       0.1123
       8.893      0.03581
       8.893      -0.0407
       8.901      -0.1172
       8.908      -0.1746
       8.916      -0.2128
       8.931      -0.1937
       8.939      -0.1363
       8.946     -0.09808
       8.954     -0.05982
       8.969    -0.002446
       8.976      0.03581
